name,simulator,cmd_vx,cmd_vy,cmd_vyaw,fell,fall_time_s,duration_s,rms_vx,rms_vy,rms_vyaw,mean_vx,cost_of_transport,mean_mech_power_w,symmetry_index,foot_clearance_mean_m,foot_clearance_min_m,scuff_fraction,torque_safety_factor,worst_torque_joint,n_torque_violations,n_pos_limit_violations,n_self_collision_steps
back03_0000,mujoco,-0.30000001192092896,0.0,0.0,False,,12.0,0.11262344568967819,0.1202133372426033,0.08088816702365875,-0.2162139117717743,0.6978285314224025,169.01779174804688,0.031203860242235974,0.07788367321093877,0.07128094881772995,0.0,1.3655227522012168,right_ankle_roll_joint,0,0,0
back03_0001,mujoco,-0.30000001192092896,0.0,0.0,False,,12.0,0.12369184195995331,0.1255507618188858,0.09452826529741287,-0.20596195757389069,0.7340440145185883,163.24085998535156,0.1941424051358,0.083399769450937,0.07443986088037491,0.0,1.3011554233422484,right_ankle_roll_joint,0,0,0
back03_0002,mujoco,-0.30000001192092896,0.0,0.0,False,,12.0,0.0655551552772522,0.13557234406471252,0.10213596373796463,-0.2654915452003479,0.6639210590366428,174.4414520263672,0.02627374106584581,0.09624107554554939,0.07822942733764648,0.0,1.4289818210164074,right_ankle_roll_joint,0,0,0
back03_0003,mujoco,-0.30000001192092896,0.0,0.0,False,,12.0,0.07023831456899643,0.13216736912727356,0.09929241985082626,-0.2732936441898346,0.6138904590415215,151.4832763671875,0.055731944501614145,0.08960441127419472,0.07038853317499161,0.0,1.3355385351891764,right_ankle_roll_joint,0,0,0
back03_0004,mujoco,-0.30000001192092896,0.0,0.0,False,,12.0,0.08121491223573685,0.13658785820007324,0.10455117374658585,-0.2521250545978546,0.6947540863222729,166.09388732910156,0.10299040923328112,0.09404727884314278,0.08255178481340408,0.0,1.2176719057407936,right_ankle_roll_joint,1,0,0
back03_0005,mujoco,-0.30000001192092896,0.0,0.0,False,,12.0,0.0648675411939621,0.13341428339481354,0.10063354671001434,-0.28000760078430176,0.6537645588051341,181.23121643066406,0.10957182432849344,0.09078991954976862,0.07584042102098465,0.0,1.377822480824011,right_ankle_roll_joint,0,0,0
back03_0006,mujoco,-0.30000001192092896,0.0,0.0,False,,12.0,0.07358507812023163,0.12610338628292084,0.09653415530920029,-0.24107693135738373,0.6812309660308387,199.81797790527344,0.20576893166829002,0.08072256445884704,0.07492730021476746,0.0,1.2247747967675298,right_ankle_roll_joint,1,0,0
back03_0007,mujoco,-0.30000001192092896,0.0,0.0,False,,12.0,0.08072681725025177,0.12461896240711212,0.10248991847038269,-0.24905627965927124,0.6747318082212077,184.7960968017578,0.023643212756746357,0.08895366740497676,0.07909676432609558,0.0,1.2532795855931302,right_ankle_roll_joint,0,0,0
back03_0008,mujoco,-0.30000001192092896,0.0,0.0,False,,12.0,0.0769386738538742,0.13075821101665497,0.11026381701231003,-0.2694512903690338,0.7299617711710202,208.43592834472656,0.12280279028893977,0.08614390970844972,0.07517489045858383,0.0,1.3445967797157432,right_ankle_roll_joint,0,0,0
back03_0009,mujoco,-0.30000001192092896,0.0,0.0,False,,12.0,0.06281381845474243,0.12300095707178116,0.09646785259246826,-0.2678370773792267,0.6461972509069137,186.7775421142578,0.14898541091288178,0.08647247979586775,0.07371751219034195,0.0,1.3164014790836016,right_ankle_roll_joint,0,0,0
back03_0010,mujoco,-0.30000001192092896,0.0,0.0,False,,12.0,0.05781413987278938,0.11650242656469345,0.10099972784519196,-0.25893861055374146,0.6874747479375478,202.58914184570312,0.184829015775244,0.07980193800869442,0.07134488970041275,0.0,1.482367816585935,right_ankle_roll_joint,0,0,0
back03_0011,mujoco,-0.30000001192092896,0.0,0.0,False,,12.0,0.07806038111448288,0.12176103889942169,0.0953654795885086,-0.2528652250766754,0.6803566332336672,185.14842224121094,0.21266262217317883,0.08271846852519295,0.0721687525510788,0.0,1.4403854156287912,right_ankle_roll_joint,0,0,0
back03_0012,mujoco,-0.30000001192092896,0.0,0.0,False,,12.0,0.0864788368344307,0.1340140402317047,0.11104204505681992,-0.2492341697216034,0.7083100424842215,183.62513732910156,0.2745549124532683,0.09031715819781477,0.08048421144485474,0.0,1.3548844923550514,right_ankle_roll_joint,0,0,0
back03_0013,mujoco,-0.30000001192092896,0.0,0.0,False,,12.0,0.08559592813253403,0.1423027068376541,0.10233765840530396,-0.23563385009765625,0.718489598728058,159.12286376953125,0.13537584541181408,0.09230934726920995,0.07531456649303436,0.004173622704507512,1.408245709537862,right_ankle_roll_joint,0,0,0
back03_0014,mujoco,-0.30000001192092896,0.0,0.0,False,,12.0,0.07958053052425385,0.1381905972957611,0.11290711909532547,-0.23871004581451416,0.7396910905392337,186.22804260253906,0.1298678913262931,0.09285798059268431,0.08749710023403168,0.005008347245409015,1.369644741951161,right_ankle_roll_joint,0,0,0
back03_0015,mujoco,-0.30000001192092896,0.0,0.0,False,,12.0,0.07076924294233322,0.13541366159915924,0.10539992898702621,-0.2654767334461212,0.6592537151340012,174.849365234375,0.15357980766436616,0.09136579558253288,0.08318403363227844,0.004173622704507512,1.3785388258321074,right_ankle_roll_joint,0,0,0
back03_0016,mujoco,-0.30000001192092896,0.0,0.0,False,,12.0,0.07731140404939651,0.12304966896772385,0.08191031962633133,-0.2481963336467743,0.6535338534651937,167.27792358398438,0.17420108076300628,0.08490688389255888,0.07666205614805222,0.0,1.3697952749733833,right_ankle_roll_joint,0,0,0
back03_0017,mujoco,-0.30000001192092896,0.0,0.0,False,,12.0,0.06832806020975113,0.1208186075091362,0.10107247531414032,-0.27898117899894714,0.65877050166847,206.8907470703125,0.0019699263433511946,0.08811013502153484,0.0717046782374382,0.0,1.509972005021643,right_ankle_roll_joint,0,0,0
back03_0018,mujoco,-0.30000001192092896,0.0,0.0,False,,12.0,0.0828859806060791,0.12192217260599136,0.10854033380746841,-0.24909467995166779,0.7005766094260568,194.56838989257812,0.03571900855214299,0.0869609960778193,0.08077870309352875,0.005008347245409015,1.1888361580144462,right_ankle_roll_joint,1,0,0
back03_0019,mujoco,-0.30000001192092896,0.0,0.0,False,,12.0,0.05940917879343033,0.13739073276519775,0.09827867150306702,-0.2668071985244751,0.6521401863070625,179.185302734375,0.14656281434910307,0.09360392086885193,0.0737890899181366,0.0,1.3970588169983378,right_ankle_roll_joint,0,0,0
back03_0020,mujoco,-0.30000001192092896,0.0,0.0,False,,12.0,0.07451014220714569,0.13604825735092163,0.0859188362956047,-0.2493782788515091,0.6574577815301624,164.19586181640625,0.029965130052757687,0.09093425422906876,0.08148688822984695,0.0,1.1779550430121828,right_ankle_roll_joint,1,0,0
back03_0021,mujoco,-0.30000001192092896,0.0,0.0,False,,12.0,0.060378096997737885,0.13385720551013947,0.10715828835964203,-0.2637989819049835,0.6741652710721743,187.48838806152344,0.029908807074897206,0.09097220342267644,0.08594812452793121,0.0,1.2999134941448007,right_ankle_roll_joint,0,0,0
back03_0022,mujoco,-0.30000001192092896,0.0,0.0,False,,12.0,0.0671844407916069,0.14008139073848724,0.11235696077346802,-0.26020118594169617,0.6870561133941105,171.7672119140625,0.15475846614044367,0.09456107020378113,0.08581895381212234,0.004173622704507512,1.1272485554311311,right_ankle_roll_joint,1,0,0
back03_0023,mujoco,-0.30000001192092896,0.0,0.0,False,,12.0,0.0655754953622818,0.12894916534423828,0.1082625761628151,-0.2816937267780304,0.6916210762776899,202.1307373046875,0.06413584415158419,0.08923685957085002,0.07159814238548279,0.007512520868113523,1.4985762770774607,right_ankle_roll_joint,0,0,0
back03_0024,mujoco,-0.30000001192092896,0.0,0.0,False,,12.0,0.07420112192630768,0.124687060713768,0.10334092378616333,-0.2513759136199951,0.7222259982436924,212.3230438232422,0.25171412383936687,0.08007132332949411,0.07299034297466278,0.0,1.2193599628501068,left_ankle_roll_joint,1,0,0
back03_0025,mujoco,-0.30000001192092896,0.0,0.0,False,,12.0,0.11339122802019119,0.12683261930942535,0.1021074503660202,-0.21018871665000916,0.7538573897676208,175.9823455810547,0.18084922691748676,0.0856137214736505,0.07586905360221863,0.0,1.3474561460621408,right_ankle_roll_joint,0,0,0
back03_0026,mujoco,-0.30000001192092896,0.0,0.0,False,,12.0,0.06981459259986877,0.1337379366159439,0.10418306291103363,-0.2813030183315277,0.667793321031475,195.18934631347656,0.07042488238824339,0.09250253303484483,0.07913032919168472,0.004173622704507512,1.3792514410390055,right_ankle_roll_joint,0,0,0
back03_0027,mujoco,-0.30000001192092896,0.0,0.0,False,,12.0,0.06072032079100609,0.11108720302581787,0.10449982434511185,-0.25659120082855225,0.6931200304441152,218.43968200683594,0.16257788779724933,0.07973607257008553,0.07121320813894272,0.0,1.440837733169322,right_ankle_roll_joint,0,0,0
back03_0028,mujoco,-0.30000001192092896,0.0,0.0,False,,12.0,0.06819980591535568,0.11923599988222122,0.09413747489452362,-0.26933225989341736,0.6132691428376517,197.0489044189453,0.03591021707108097,0.08446655761111867,0.0711522251367569,0.0,1.2516085117056204,right_ankle_roll_joint,0,0,0
back03_0029,mujoco,-0.30000001192092896,0.0,0.0,False,,12.0,0.06374461203813553,0.13480626046657562,0.10118595510721207,-0.2599714398384094,0.6161541505550833,145.15438842773438,0.09122068947697042,0.08719918876886368,0.07714869827032089,0.0,1.2293398530714152,right_ankle_roll_joint,1,0,0
back03_0030,mujoco,-0.30000001192092896,0.0,0.0,False,,12.0,0.08311565220355988,0.1391613930463791,0.12134955078363419,-0.27839672565460205,0.7082734324806728,196.66224670410156,0.09990382068493527,0.09799954803152518,0.08050654083490372,0.004173622704507512,1.5747355732287824,right_ankle_roll_joint,0,0,0
back03_0031,mujoco,-0.30000001192092896,0.0,0.0,False,,12.0,0.05449725314974785,0.134221151471138,0.10246596485376358,-0.27387022972106934,0.6849086388288547,200.98764038085938,0.21083786758340745,0.09088047289035538,0.07906972616910934,0.0,1.2781020891259536,left_ankle_roll_joint,0,0,0
back03_0032,mujoco,-0.30000001192092896,0.0,0.0,False,,12.0,0.055239491164684296,0.13224533200263977,0.10531549155712128,-0.268593430519104,0.6694773086739165,198.17559814453125,0.15545489989914088,0.08600464995418276,0.0777166411280632,0.0,1.400409955825844,right_ankle_roll_joint,0,0,0
back03_0033,mujoco,-0.30000001192092896,0.0,0.0,False,,12.0,0.06921963393688202,0.12434189766645432,0.09237591922283173,-0.2606082260608673,0.6725142745655965,205.65484619140625,0.20605616121175324,0.08558664538643578,0.07609529048204422,0.004173622704507512,1.3265431168429627,right_ankle_roll_joint,0,0,0
back03_0034,mujoco,-0.30000001192092896,0.0,0.0,False,,12.0,0.08917465806007385,0.13934800028800964,0.10254362970590591,-0.22649437189102173,0.7483491697797204,173.69692993164062,0.26645483473258447,0.09100978892473947,0.08509483933448792,0.004173622704507512,1.1910292973107066,right_ankle_roll_joint,1,0,0
back03_0035,mujoco,-0.30000001192092896,0.0,0.0,False,,12.0,0.07738277316093445,0.13713419437408447,0.11238150298595428,-0.2526419162750244,0.6983533709274495,176.90354919433594,0.23093742726888897,0.09212632782079956,0.08658016473054886,0.011686143572621035,1.1586441851106284,right_ankle_roll_joint,1,0,0
back03_0036,mujoco,-0.30000001192092896,0.0,0.0,False,,12.0,0.07778357714414597,0.13225194811820984,0.10863158106803894,-0.2735488712787628,0.6197396780526215,164.92098999023438,0.045032719165360696,0.09257804162122986,0.07459669560194016,0.0,1.3542090700764347,right_ankle_roll_joint,0,0,0
back03_0037,mujoco,-0.30000001192092896,0.0,0.0,False,,12.0,0.060165226459503174,0.11940266191959381,0.10168865323066711,-0.26504063606262207,0.6584923443069562,203.29014587402344,0.184333990332214,0.0827728169304984,0.07211422920227051,0.0,1.4359927790615792,right_ankle_roll_joint,0,0,0
back03_0038,mujoco,-0.30000001192092896,0.0,0.0,False,,12.0,0.08108942955732346,0.1251509189605713,0.09205912798643112,-0.2316606491804123,0.7483771435185105,208.04776000976562,0.2293560159022819,0.08206504041498358,0.07589525729417801,0.0,1.251819294248734,right_ankle_roll_joint,0,0,0
back03_0039,mujoco,-0.30000001192092896,0.0,0.0,False,,12.0,0.07552871853113174,0.12920473515987396,0.10682883113622665,-0.24389497935771942,0.7395574046843253,206.6278076171875,0.011796135517973348,0.09102277389981529,0.07115945219993591,0.0,1.3382802080342044,right_ankle_roll_joint,0,0,0
back03_0040,mujoco,-0.30000001192092896,0.0,0.0,False,,12.0,0.06302183121442795,0.12090658396482468,0.1092677116394043,-0.2737618386745453,0.6841750881669303,227.3379364013672,0.11896180216434964,0.08345647938549519,0.076465904712677,0.0,1.3752125402948945,right_ankle_roll_joint,0,0,0
back03_0041,mujoco,-0.30000001192092896,0.0,0.0,False,,12.0,0.06801053881645203,0.11148330569267273,0.09280357509851456,-0.2512609660625458,0.6674159950077048,191.5167694091797,0.12051733472151417,0.08213912770152092,0.07548201084136963,0.0,1.479086374076267,right_ankle_roll_joint,0,0,0
back03_0042,mujoco,-0.30000001192092896,0.0,0.0,False,,12.0,0.07374504953622818,0.12515674531459808,0.10773585736751556,-0.275682657957077,0.6791277423471509,181.70663452148438,0.003156589143956804,0.08784431740641593,0.08376907557249069,0.0,1.5342062970909403,right_ankle_roll_joint,0,0,0
back03_0043,mujoco,-0.30000001192092896,0.0,0.0,False,,12.0,0.09158601611852646,0.13519316911697388,0.11796168237924576,-0.2513100504875183,0.6913101716443492,164.9730987548828,0.13679309673802864,0.09399072724309834,0.08931801468133926,0.005843071786310518,1.3694534624614105,right_ankle_roll_joint,0,0,0
back03_0044,mujoco,-0.30000001192092896,0.0,0.0,False,,12.0,0.06028861925005913,0.1301901787519455,0.08358250558376312,-0.26140469312667847,0.6442296838609307,175.78102111816406,0.17108835416552381,0.08826629309491678,0.07175935804843903,0.0,1.3262470371878772,right_ankle_roll_joint,0,0,0
back03_0045,mujoco,-0.30000001192092896,0.0,0.0,False,,12.0,0.08741649985313416,0.1260998249053955,0.09921503812074661,-0.24668890237808228,0.6805784833131894,177.3768768310547,0.044526417016113914,0.08984163877638904,0.08046864718198776,0.0,1.295782009036163,right_ankle_roll_joint,0,0,0
back03_0046,mujoco,-0.30000001192092896,0.0,0.0,False,,12.0,0.06475305557250977,0.1280599683523178,0.09951405972242355,-0.2554173767566681,0.6456337717790674,192.8404998779297,0.1245543516309627,0.08617817847566171,0.07223843038082123,0.0,1.2802501530450408,right_ankle_roll_joint,0,0,0
back03_0047,mujoco,-0.30000001192092896,0.0,0.0,False,,12.0,0.07946860790252686,0.1368592232465744,0.11145616322755814,-0.2582298219203949,0.689486304104962,178.34791564941406,0.17380554580630275,0.09304917366667227,0.08291684091091156,0.005843071786310518,1.3282453113868755,right_ankle_roll_joint,0,0,0
back03_0048,mujoco,-0.30000001192092896,0.0,0.0,False,,12.0,0.061562616378068924,0.11638066917657852,0.10304917395114899,-0.25969311594963074,0.6992769079956915,220.765625,0.020264666868858257,0.07691523618996143,0.07037422060966492,0.0,1.2801028207587963,right_ankle_roll_joint,0,0,0
back03_0049,mujoco,-0.30000001192092896,0.0,0.0,False,,12.0,0.12256380915641785,0.12459138035774231,0.09151200205087662,-0.21059465408325195,0.7025441829623832,150.6966094970703,0.21315372186932668,0.08150588077577678,0.070816271007061,0.004173622704507512,1.369312779735483,right_ankle_roll_joint,0,0,0
fwd025_0000,mujoco,0.25,0.0,0.0,False,,12.0,0.08269284665584564,0.11765885353088379,0.08304234594106674,0.2834988236427307,0.5563418211420407,186.62753295898438,0.4290730701140781,0.0830736830830574,0.0830736830830574,0.018363939899833055,1.4055114395111363,left_ankle_roll_joint,0,0,0
fwd025_0001,mujoco,0.25,0.0,0.0,False,,12.0,0.08302974700927734,0.13072136044502258,0.1071913093328476,0.20476384460926056,0.7815288204655741,158.63658142089844,0.07484056896085621,0.07660036534070969,0.0708242729306221,0.0,1.3397892967218663,left_ankle_roll_joint,0,0,0
fwd025_0002,mujoco,0.25,0.0,0.0,False,,12.0,0.06283902376890182,0.1266317218542099,0.09364048391580582,0.20018266141414642,0.7200944185292213,144.94793701171875,0.03874196709874723,0.07431463577917644,0.07011084258556366,0.0,1.3711228758724883,left_ankle_roll_joint,0,0,0
fwd025_0003,mujoco,0.25,0.0,0.0,False,,12.0,0.11161274462938309,0.12182272225618362,0.1007518321275711,0.18071655929088593,0.8346787493509571,144.76596069335938,0.07784135818118229,0.08451140895485879,0.07669930905103683,0.0,1.236160369248587,right_ankle_roll_joint,1,0,0
fwd025_0004,mujoco,0.25,0.0,0.0,False,,12.0,0.11154548078775406,0.12741120159626007,0.10743524134159088,0.21170344948768616,0.7634284825568299,153.89085388183594,0.002445075124571505,0.082415158195155,0.07471412420272827,0.004173622704507512,1.2612157069813483,right_ankle_roll_joint,0,0,0
fwd025_0005,mujoco,0.25,0.0,0.0,False,,12.0,0.12144836038351059,0.12518158555030823,0.0895049050450325,0.22729769349098206,0.7016811960225533,165.96693420410156,0.19702454774466577,0.0777802851337653,0.07006396353244781,0.0,1.2898816396411867,left_ankle_roll_joint,0,0,0
fwd025_0006,mujoco,0.25,0.0,0.0,False,,12.0,0.10518448799848557,0.11980690807104111,0.09871194511651993,0.17123454809188843,0.8690699277911824,142.67369079589844,0.10953213386491434,0.08436029516160488,0.07792989909648895,0.0,1.3137090164396543,left_ankle_roll_joint,0,0,0
fwd025_0007,mujoco,0.25,0.0,0.0,False,,12.0,0.08524349331855774,0.12919427454471588,0.09039229154586792,0.19313135743141174,0.8655542970095127,184.43606567382812,0.22782316980645287,0.08005043722334362,0.07133843004703522,0.0,1.2512213987064609,left_ankle_roll_joint,0,0,0
fwd025_0008,mujoco,0.25,0.0,0.0,False,,12.0,0.071501225233078,0.12725448608398438,0.103142648935318,0.24887709319591522,0.7294942358955058,214.3583984375,0.07729397533200963,0.07490713894367218,0.07046058773994446,0.0,1.320888973839182,right_ankle_pitch_joint,0,0,0
fwd025_0009,mujoco,0.25,0.0,0.0,False,,12.0,0.07152506709098816,0.126039057970047,0.0865391343832016,0.22419731318950653,0.7243281351326435,191.63304138183594,0.0399082590383676,0.07521560374233457,0.07009092718362808,0.0,1.2488473166834544,left_ankle_roll_joint,1,0,0
fwd025_0010,mujoco,0.25,0.0,0.0,False,,12.0,0.08675593137741089,0.12529316544532776,0.10907591879367828,0.1711728423833847,0.9217027438823778,155.6737518310547,0.04092975089718403,0.08290780335664749,0.07481343299150467,0.0,1.250650227370855,right_ankle_roll_joint,0,0,0
fwd025_0011,mujoco,0.25,0.0,0.0,False,,12.0,0.11975288391113281,0.12828640639781952,0.10576233267784119,0.17149382829666138,0.9046858945775994,153.8546905517578,0.1863496138590015,0.08264961652457714,0.07308424264192581,0.0,1.385920142421115,left_ankle_roll_joint,0,0,0
fwd025_0012,mujoco,0.25,0.0,0.0,False,,12.0,0.10764924436807632,0.12969237565994263,0.11211243271827698,0.19860833883285522,0.8171527095869019,160.0139617919922,0.04222622144878171,0.08156261699540275,0.07798466086387634,0.0,1.2845785062531223,left_ankle_roll_joint,0,0,0
fwd025_0013,mujoco,0.25,0.0,0.0,False,,12.0,0.12641392648220062,0.1266423612833023,0.10340588539838791,0.1550847887992859,0.9165717321437092,138.50489807128906,0.06516336619679639,0.08028832313261534,0.07316216081380844,0.0,1.542690516193766,left_ankle_roll_joint,0,0,0
fwd025_0014,mujoco,0.25,0.0,0.0,False,,12.0,0.08791723102331161,0.119408018887043,0.09286022186279297,0.24076279997825623,0.6802514510699779,183.5325469970703,0.04289875139099743,0.07273661841948827,0.07004128396511078,0.004173622704507512,1.4322089111493856,right_ankle_pitch_joint,0,0,0
fwd025_0015,mujoco,0.25,0.0,0.0,False,,12.0,0.09183654189109802,0.13138306140899658,0.10712436586618423,0.174228236079216,0.9423333410310196,183.6453857421875,0.07592327198908748,0.0800064369326546,0.07414217293262482,0.0,1.4736902464376807,left_ankle_roll_joint,0,0,0
fwd025_0016,mujoco,0.25,0.0,0.0,False,,12.0,0.1280428022146225,0.13273079693317413,0.10694266110658646,0.1478135883808136,1.0342399691915918,149.84193420410156,0.07012068372728959,0.08169653384309065,0.07492011040449142,0.0,1.4878341306499427,left_ankle_roll_joint,0,0,0
fwd025_0017,mujoco,0.25,0.0,0.0,False,,12.0,0.07842336595058441,0.12469447404146194,0.09463313221931458,0.19460995495319366,0.7659911255500147,151.0293426513672,0.01037131145098507,0.07667130551167897,0.07028288394212723,0.0,1.5252844300184476,left_ankle_roll_joint,0,0,0
fwd025_0018,mujoco,0.25,0.0,0.0,False,,12.0,0.0648646205663681,0.11857667565345764,0.10023636370897293,0.2085168957710266,0.7324706078107411,161.4864501953125,0.1976688828578799,0.07449927139613363,0.07062774896621704,0.005008347245409015,1.353453955180881,left_ankle_roll_joint,0,0,0
fwd025_0019,mujoco,0.25,0.0,0.0,False,,12.0,0.08252561092376709,0.12680843472480774,0.09641841799020767,0.20614753663539886,0.7657284753752033,163.875732421875,0.08580740978950831,0.0764551717787981,0.07126779109239578,0.0,1.3748648945139197,right_ankle_pitch_joint,0,0,0
fwd025_0020,mujoco,0.25,0.0,0.0,False,,12.0,0.07309827953577042,0.12520861625671387,0.10867255926132202,0.2016557902097702,0.9444825844738193,229.03501892089844,0.30510129076731574,0.07641462507573041,0.07378500699996948,0.004173622704507512,1.355180887488462,left_ankle_roll_joint,0,0,0
fwd025_0021,mujoco,0.25,0.0,0.0,False,,12.0,0.08379475772380829,0.1234683021903038,0.09960266947746277,0.18910886347293854,0.7724482136713091,157.762451171875,0.21312166860974555,0.07640602674923445,0.07195881009101868,0.0,1.330493573744055,left_ankle_roll_joint,0,0,0
fwd025_0022,mujoco,0.25,0.0,0.0,False,,12.0,0.06511852890253067,0.12592685222625732,0.08902034908533096,0.2429976612329483,0.6634858145537652,193.85374450683594,0.1365851977512637,0.07326661348342896,0.07001566141843796,0.0,1.3667832863317935,right_ankle_pitch_joint,0,0,0
fwd025_0023,mujoco,0.25,0.0,0.0,False,,12.0,0.10051461309194565,0.12780854105949402,0.11021722108125687,0.20195037126541138,0.802178832133797,167.60108947753906,0.0677704601695611,0.07990165090277082,0.07628229260444641,0.0,1.437656043270516,right_ankle_pitch_joint,0,0,0
fwd025_0024,mujoco,0.25,0.0,0.0,False,,12.0,0.04753882810473442,0.1230613961815834,0.08958864957094193,0.2414790689945221,0.6819715824931112,185.09031677246094,0.1312542629262322,0.0710441196958224,0.07002811878919601,0.005008347245409015,1.4458042634598964,left_ankle_pitch_joint,0,0,0
fwd025_0025,mujoco,0.25,0.0,0.0,False,,12.0,0.0783793032169342,0.12054824829101562,0.08551715314388275,0.24137884378433228,0.6555513204482697,174.79112243652344,0.1916348568721961,0.0803828127682209,0.07647541165351868,0.0,1.4390138398807262,right_ankle_pitch_joint,0,0,0
fwd025_0026,mujoco,0.25,0.0,0.0,False,,12.0,0.09286797791719437,0.1217971220612526,0.10551241040229797,0.2307431697845459,0.7044907757908249,175.26161193847656,0.05100215488153419,0.07656949609518052,0.07131775468587875,0.0,1.3597864198586442,left_ankle_roll_joint,0,0,0
fwd025_0027,mujoco,0.25,0.0,0.0,False,,12.0,0.0701700821518898,0.12022186815738678,0.08937408030033112,0.25598639249801636,0.6506522846505914,192.11331176757812,0.21187851936051882,0.0703817754983902,0.0703817754983902,0.008347245409015025,1.6179011918986441,right_ankle_pitch_joint,0,0,0
fwd025_0028,mujoco,0.25,0.0,0.0,False,,12.0,0.09824223071336746,0.12224632501602173,0.09383320808410645,0.24829567968845367,0.6431762942480541,172.4402618408203,0.3003563103163726,0.07276765097464834,0.07008755207061768,0.009181969949916527,1.3852854115247921,right_ankle_pitch_joint,0,0,0
fwd025_0029,mujoco,0.25,0.0,0.0,False,,12.0,0.08359762281179428,0.130882129073143,0.09186342358589172,0.23631836473941803,0.7212293363821048,197.09747314453125,0.24095529821840353,0.0752998385578394,0.07096967101097107,0.004173622704507512,1.272230263660773,left_ankle_roll_joint,0,0,0
fwd025_0030,mujoco,0.25,0.0,0.0,False,,12.0,0.09141996502876282,0.13480347394943237,0.10497096925973892,0.1707710176706314,1.0193795443194913,190.62884521484375,0.18223724011019868,0.07922455011045232,0.07006664574146271,0.0,1.4772956745964136,right_ankle_pitch_joint,0,0,0
fwd025_0031,mujoco,0.25,0.0,0.0,False,,12.0,0.07647093385457993,0.1314704865217209,0.0944327786564827,0.21436239778995514,0.7954306741174894,181.56356811523438,0.12498860644443105,0.07414062631626923,0.07195703685283661,0.004173622704507512,1.5688707532716974,right_ankle_pitch_joint,0,0,0
fwd025_0032,mujoco,0.25,0.0,0.0,False,,12.0,0.06552423536777496,0.1181599572300911,0.07874181866645813,0.2330024540424347,0.645550932116621,171.24005126953125,0.14371604183064293,0.07177254743874073,0.07084963470697403,0.004173622704507512,1.4101415606892056,right_ankle_roll_joint,0,0,0
fwd025_0033,mujoco,0.25,0.0,0.0,False,,12.0,0.0846172347664833,0.13063441216945648,0.11866265535354614,0.18978969752788544,0.8423560529705212,157.33316040039062,0.11640816413205322,0.07846539467573166,0.07399512827396393,0.0,1.4656347879533227,left_ankle_roll_joint,0,0,0
fwd025_0034,mujoco,0.25,0.0,0.0,False,,12.0,0.0906912162899971,0.12992219626903534,0.10923872143030167,0.17637254297733307,0.9169028217225582,147.09341430664062,0.1310918916416183,0.08784519545733929,0.07807029783725739,0.00667779632721202,1.275125922478936,left_ankle_roll_joint,0,0,0
fwd025_0035,mujoco,0.25,0.0,0.0,False,,12.0,0.09708201140165329,0.13125863671302795,0.10421106219291687,0.19682298600673676,0.8967968381143415,202.2584686279297,0.23996952765328639,0.07687382855349117,0.07078228890895844,0.0,1.3629586854361642,right_ankle_pitch_joint,0,0,0
fwd025_0036,mujoco,0.25,0.0,0.0,False,,12.0,0.13363566994667053,0.13699287176132202,0.12497838586568832,0.3356884717941284,0.5697951831409357,231.40682983398438,0.7045712989025862,0.08294364809989929,0.08294364809989929,0.05008347245409015,1.3945272529524997,right_ankle_pitch_joint,0,0,0
fwd025_0037,mujoco,0.25,0.0,0.0,False,,12.0,0.07491619139909744,0.1272195279598236,0.09093845635652542,0.20975077152252197,0.7735005691015305,181.8190155029297,0.050366752892853216,0.07637895829975605,0.07036829739809036,0.01335559265442404,1.2984910279142747,left_ankle_roll_joint,0,0,0
fwd025_0038,mujoco,0.25,0.0,0.0,False,,12.0,0.07252025604248047,0.13600988686084747,0.10630998015403748,0.1884179711341858,0.9444827641009823,193.13818359375,0.1444981849721122,0.07717335443286334,0.07005108892917633,0.004173622704507512,1.6062121772235145,right_ankle_roll_joint,0,0,0
fwd025_0039,mujoco,0.25,0.0,0.0,False,,12.0,0.1034415140748024,0.128554105758667,0.1030961200594902,0.17305009067058563,0.9512662988731506,179.086669921875,0.21069406236803123,0.0789413797584447,0.07183555513620377,0.004173622704507512,1.5704221505980351,right_ankle_pitch_joint,0,0,0
fwd025_0040,mujoco,0.25,0.0,0.0,False,,12.0,0.06832066178321838,0.13057848811149597,0.11529755592346191,0.24797824025154114,0.73213908158103,213.55331420898438,0.280598133892851,0.09337884187698364,0.09337884187698364,0.010851419031719533,1.351373132722846,right_ankle_pitch_joint,0,0,0
fwd025_0041,mujoco,0.25,0.0,0.0,False,,12.0,0.06792018562555313,0.1239723190665245,0.10258512943983078,0.1972021758556366,0.7980194939925256,148.74072265625,0.0666706010941902,0.08408667147159576,0.07207172363996506,0.0,1.442548364171044,left_ankle_roll_joint,0,0,0
fwd025_0042,mujoco,0.25,0.0,0.0,False,,12.0,0.07818908989429474,0.11138647794723511,0.09359623491764069,0.2814033031463623,0.5969617628788169,201.78848266601562,0.09383173888192567,,,0.017529215358931552,1.5894238896211852,left_ankle_pitch_joint,0,0,0
fwd025_0043,mujoco,0.25,0.0,0.0,False,,12.0,0.09400168806314468,0.12471715360879898,0.09719783067703247,0.21746467053890228,0.7727698859022724,171.32508850097656,0.19370091006419082,0.07663358747959137,0.07055652886629105,0.0,1.349308769043477,left_ankle_roll_joint,0,0,0
fwd025_0044,mujoco,0.25,0.0,0.0,False,,12.0,0.07663992047309875,0.1261497139930725,0.1377708464860916,0.2693740129470825,0.7034003504366458,231.6425018310547,0.3249312392360486,,,0.004173622704507512,1.4376306821484757,left_ankle_pitch_joint,0,0,0
fwd025_0045,mujoco,0.25,0.0,0.0,False,,12.0,0.05946233123540878,0.12506119906902313,0.07690723240375519,0.2293957769870758,0.6840189470601075,159.65127563476562,0.052613043968383726,0.07458897804220517,0.07133041322231293,0.0,1.4573692368247249,left_ankle_pitch_joint,0,0,0
fwd025_0046,mujoco,0.25,0.0,0.0,False,,12.0,0.09775344282388687,0.13210386037826538,0.09630487859249115,0.20194438099861145,0.878121199780564,194.79156494140625,0.1919551365684592,0.07930558733642101,0.07099534571170807,0.004173622704507512,1.3995733112372053,left_ankle_roll_joint,0,0,0
fwd025_0047,mujoco,0.25,0.0,0.0,False,,12.0,0.10419852286577225,0.1283111721277237,0.09958358108997345,0.20578739047050476,0.7387276384193691,154.40902709960938,0.036288954825157836,0.07499950446865776,0.07024367898702621,0.004173622704507512,1.3107849930892406,left_ankle_roll_joint,0,0,0
fwd025_0048,mujoco,0.25,0.0,0.0,False,,12.0,0.10368146002292633,0.12532508373260498,0.09427957981824875,0.2270059883594513,0.6977417134915499,168.18089294433594,0.07903786662642547,0.07596768604384528,0.07143085449934006,0.0,1.3415754528293953,left_ankle_roll_joint,0,0,0
fwd025_0049,mujoco,0.25,0.0,0.0,False,,12.0,0.06817835569381714,0.12226017564535141,0.08154752105474472,0.23955658078193665,0.647730647125296,187.9071044921875,0.18020134512185693,0.072004035115242,0.072004035115242,0.004173622704507512,1.413941118688641,left_ankle_roll_joint,0,0,0
fwd05_0000,mujoco,0.5,0.0,0.0,False,,12.0,0.11236250400543213,0.14673873782157898,0.10837877541780472,0.39599981904029846,0.5503818299842304,209.49835205078125,0.1548665339581161,0.09637876600027084,0.08444736897945404,0.0,1.2127340218115157,left_ankle_roll_joint,1,0,0
fwd05_0001,mujoco,0.5,0.0,0.0,False,,12.0,0.1036609560251236,0.138292133808136,0.09985843300819397,0.4255954325199127,0.512693178071677,227.40625,0.05920347395970265,0.09128501428210217,0.07739004492759705,0.0,1.1169669955648387,left_ankle_roll_joint,1,0,0
fwd05_0002,mujoco,0.5,0.0,0.0,False,,12.0,0.1138141080737114,0.13741755485534668,0.11266516894102097,0.4221307635307312,0.5261213065390996,200.54098510742188,0.06788939013219755,0.0960798331576845,0.08965456485748291,0.0,1.131763646018769,right_ankle_roll_joint,1,0,0
fwd05_0003,mujoco,0.5,0.0,0.0,False,,12.0,0.09279654920101166,0.14015187323093414,0.1063128411769867,0.479884535074234,0.45340700262646144,245.2960205078125,0.018543374389011748,0.083753956312483,0.08006855845451355,0.0,1.0911025965839363,left_ankle_roll_joint,1,0,0
fwd05_0004,mujoco,0.5,0.0,0.0,False,,12.0,0.07415855675935745,0.13182441890239716,0.09278731793165207,0.4526687562465668,0.4565481611464098,208.7109832763672,0.10008074606878146,0.08934194459156557,0.08230593055486679,0.004173622704507512,1.0595237052720072,left_ankle_roll_joint,1,0,0
fwd05_0005,mujoco,0.5,0.0,0.0,False,,12.0,0.0859142616391182,0.1743260771036148,0.11626142263412476,0.5273162126541138,0.484272871588965,284.29864501953125,0.34361852086501,0.07714071160271055,0.07014967501163483,0.0,1.0380286599877748,right_ankle_roll_joint,1,0,0
fwd05_0006,mujoco,0.5,0.0,0.0,False,,12.0,0.11856313049793243,0.15172415971755981,0.11852829158306122,0.3955148458480835,0.5794591235212724,267.57208251953125,0.09353631694903694,0.08301592076366598,0.07734041661024094,0.0,1.469210947287243,left_hip_roll_joint,0,0,0
fwd05_0007,mujoco,0.5,0.0,0.0,False,,12.0,0.10261479020118713,0.1365976482629776,0.10310738533735275,0.4594966769218445,0.46432332310493113,198.39453125,0.06287822797159444,0.09310957315293225,0.08717536926269531,0.0,1.089209769193598,left_ankle_roll_joint,2,0,0
fwd05_0008,mujoco,0.5,0.0,0.0,False,,12.0,0.10445338487625122,0.13396084308624268,0.09294870495796204,0.45445892214775085,0.45639037019401507,196.82469177246094,0.1203790036643974,0.09120816229419275,0.0852660983800888,0.004173622704507512,1.0,left_ankle_roll_joint,2,0,0
fwd05_0009,mujoco,0.5,0.0,0.0,False,,12.0,0.10884787887334824,0.14575918018817902,0.08759255707263947,0.4037308096885681,0.5096385600480452,197.9933319091797,0.06872524697326736,0.09217056733640758,0.08870827406644821,0.0,1.3324296087223149,right_ankle_roll_joint,0,0,0
fwd05_0010,mujoco,0.5,0.0,0.0,False,,12.0,0.08787377923727036,0.14725370705127716,0.12138296663761139,0.46640869975090027,0.5142767841869057,260.239990234375,0.056985912817324416,0.0799992098049684,0.07334142178297043,0.0,1.4504033954730775,left_ankle_roll_joint,0,0,0
fwd05_0011,mujoco,0.5,0.0,0.0,False,,12.0,0.09227808564901352,0.13931672275066376,0.09668635576963425,0.46183890104293823,0.4562264777838451,221.69244384765625,0.08052124517074867,0.0864319848743352,0.08010610938072205,0.0,1.0188101043868651,left_ankle_roll_joint,1,0,0
fwd05_0012,mujoco,0.5,0.0,0.0,False,,12.0,0.06593440473079681,0.15147897601127625,0.09673953801393509,0.4807353615760803,0.4328493452113976,200.68701171875,0.11771166566410225,0.08493410321799191,0.08236555755138397,0.0,1.251864627746998,left_ankle_roll_joint,0,0,0
fwd05_0013,mujoco,0.5,0.0,0.0,False,,12.0,0.10045219212770462,0.1520623117685318,0.11172215640544891,0.43762755393981934,0.4975381430860247,225.2630157470703,0.14837160742454492,0.08191527527841655,0.07216544449329376,0.0,1.182580326176788,left_ankle_roll_joint,1,0,0
fwd05_0014,mujoco,0.5,0.0,0.0,False,,12.0,0.106083944439888,0.14097629487514496,0.12609903514385223,0.5429620146751404,0.4320094942399247,265.2142333984375,0.016017852490958294,0.07703968916427005,0.07166381925344467,0.0,1.2091314925424421,left_ankle_roll_joint,1,0,0
fwd05_0015,mujoco,0.5,0.0,0.0,False,,12.0,0.09959921985864639,0.13658365607261658,0.08149249851703644,0.41857248544692993,0.4745846753255005,199.09707641601562,0.24780125009622306,0.09020124409686435,0.08480535447597504,0.0,1.072965946587189,left_ankle_roll_joint,1,0,0
fwd05_0016,mujoco,0.5,0.0,0.0,False,,12.0,0.08402236551046371,0.13730387389659882,0.0805480033159256,0.4442821443080902,0.4502800391745181,193.04940795898438,0.06734448449945002,0.09044428609988907,0.08563609421253204,0.0,1.1691440590304527,left_ankle_roll_joint,1,0,0
fwd05_0017,mujoco,0.5,0.0,0.0,False,,12.0,0.09562129527330399,0.15149277448654175,0.11708661168813705,0.5082827210426331,0.4578796835036454,233.0637969970703,0.12451693178620866,0.08153592262949262,0.07677911967039108,0.005008347245409015,1.1747931087384829,left_ankle_roll_joint,1,0,0
fwd05_0018,mujoco,0.5,0.0,0.0,False,,12.0,0.09720469266176224,0.13505057990550995,0.08489004522562027,0.4166339039802551,0.4641651078937668,183.468994140625,0.11108345348709278,0.09023001552982764,0.08480208367109299,0.0,1.3055163207385627,left_ankle_roll_joint,0,0,0
fwd05_0019,mujoco,0.5,0.0,0.0,False,,12.0,0.10570744425058365,0.15036408603191376,0.10101230442523956,0.42929700016975403,0.4890642042387898,200.2613525390625,0.06748621056793623,0.08266961845484647,0.0781923457980156,0.0,1.452446054924384,left_ankle_roll_joint,0,0,0
fwd05_0020,mujoco,0.5,0.0,0.0,False,,12.0,0.0685616284608841,0.14921949803829193,0.11407154053449631,0.46556785702705383,0.5019746654480788,259.04974365234375,0.038530583434488196,0.0774686573581262,0.07144759595394135,0.0,1.3301544431845551,left_ankle_roll_joint,0,0,0
fwd05_0021,mujoco,0.5,0.0,0.0,False,,12.0,0.11819732189178467,0.13371868431568146,0.09654300659894943,0.4298071265220642,0.4814216392378279,189.8886260986328,0.043776862932978576,0.0924629071219401,0.08060532808303833,0.0,1.1620642824138687,right_ankle_roll_joint,2,0,0
fwd05_0022,mujoco,0.5,0.0,0.0,False,,12.0,0.08518801629543304,0.14507290720939636,0.10831081867218018,0.4651104211807251,0.46971553857629783,218.56068420410156,0.1656112456569819,0.08041383732448924,0.07706248015165329,0.0,1.440082885629953,left_ankle_roll_joint,0,0,0
fwd05_0023,mujoco,0.5,0.0,0.0,False,,12.0,0.060303863137960434,0.14325787127017975,0.09861951321363449,0.4985699951648712,0.4459919102147276,262.2408142089844,0.08672880860719259,0.08280999077992006,0.07974675297737122,0.0,1.268158487560007,left_ankle_roll_joint,0,0,0
fwd05_0024,mujoco,0.5,0.0,0.0,False,,12.0,0.1279924511909485,0.15464571118354797,0.1212535947561264,0.3896152377128601,0.594623437012673,250.54031372070312,0.05788468203246231,0.08187378942966461,0.07514036446809769,0.0,1.790022962756678,left_ankle_pitch_joint,0,0,0
fwd05_0025,mujoco,0.5,0.0,0.0,False,,12.0,0.08730180561542511,0.14172539114952087,0.1203131154179573,0.44775283336639404,0.5306343386513606,272.97454833984375,0.12614384673308043,0.07863796502351761,0.07376346737146378,0.0,1.7026327056068873,right_ankle_pitch_joint,0,0,0
fwd05_0026,mujoco,0.5,0.0,0.0,False,,12.0,0.08976135402917862,0.13752444088459015,0.11743142455816269,0.5337489247322083,0.4457385614697229,260.9523010253906,0.08504279519912375,0.0789449428292838,0.07289323955774307,0.0,1.3248650319186994,left_ankle_roll_joint,0,0,0
fwd05_0027,mujoco,0.5,0.0,0.0,False,,12.0,0.10046818107366562,0.1422310173511505,0.11188654601573944,0.43054065108299255,0.5122139470242715,227.41934204101562,0.063962012250598,0.08833654807961505,0.0758068859577179,0.0,1.2341635010211958,left_ankle_roll_joint,1,0,0
fwd05_0028,mujoco,0.5,0.0,0.0,False,,12.0,0.09732240438461304,0.14166930317878723,0.08986352384090424,0.430415540933609,0.47613644851428805,195.88516235351562,0.04231514203389308,0.0887829874726859,0.07750093936920166,0.0,1.289619990001916,left_ankle_roll_joint,0,0,0
fwd05_0029,mujoco,0.5,0.0,0.0,False,,12.0,0.07934584468603134,0.16152547299861908,0.11502435803413391,0.45107048749923706,0.5165194487843627,236.94154357910156,0.0795022874704992,0.0835513872179118,0.07691039890050888,0.0,1.1844882929603533,left_ankle_roll_joint,1,0,0
fwd05_0030,mujoco,0.5,0.0,0.0,False,,12.0,0.1058531329035759,0.1338084638118744,0.09449431300163269,0.4467465579509735,0.47328941296645244,202.97137451171875,0.06318463187987554,0.09126867658712647,0.08041629195213318,0.0,1.0810593840906535,left_ankle_roll_joint,1,0,0
fwd05_0031,mujoco,0.5,0.0,0.0,False,,12.0,0.09385272115468979,0.14538227021694183,0.12656861543655396,0.44832003116607666,0.5401160250735176,287.6164855957031,0.10483920610935324,0.07768386796764705,0.07298669964075089,0.0,1.4418218577276372,right_ankle_pitch_joint,0,0,0
fwd05_0032,mujoco,0.5,0.0,0.0,False,,12.0,0.09197574853897095,0.1438453197479248,0.10173170268535614,0.42565637826919556,0.5118994673602001,238.296875,0.06587893010742242,0.08762827969115713,0.07719506323337555,0.0,1.4995711122736255,left_ankle_pitch_joint,0,0,0
fwd05_0033,mujoco,0.5,0.0,0.0,False,,12.0,0.0921747088432312,0.14233043789863586,0.11535441130399704,0.44310659170150757,0.49938478330063507,239.55136108398438,0.08111635565188025,0.0805206952447241,0.07668539136648178,0.0,1.445004509943097,left_ankle_roll_joint,0,0,0
fwd05_0034,mujoco,0.5,0.0,0.0,False,,12.0,0.07790818810462952,0.14850057661533356,0.11120005697011948,0.5367797017097473,0.4333027398723042,269.793212890625,0.048058997577617946,0.07761411085015252,0.073760487139225,0.004173622704507512,1.2618703691149578,left_ankle_roll_joint,0,0,0
fwd05_0035,mujoco,0.5,0.0,0.0,False,,12.0,0.10974998772144318,0.14628176391124725,0.11903319507837296,0.41860949993133545,0.5315942791271829,224.01953125,0.09719872926282415,0.0826108269393444,0.07123269885778427,0.0,1.538781076306563,left_ankle_pitch_joint,0,0,0
fwd05_0036,mujoco,0.5,0.0,0.0,False,,12.0,0.09850358217954636,0.14055146276950836,0.0990772619843483,0.4475867748260498,0.48333781184708874,209.95977783203125,0.004168193014998557,0.08794088221409103,0.07772412896156311,0.0,1.1045608896016368,left_ankle_roll_joint,1,0,0
fwd05_0037,mujoco,0.5,0.0,0.0,False,,12.0,0.10235191136598587,0.13632668554782867,0.08730877190828323,0.424051970243454,0.47643259310062736,199.7658233642578,0.15961475201559588,0.0878603912212632,0.08524207770824432,0.0,1.2351339211393426,left_ankle_roll_joint,1,0,0
fwd05_0038,mujoco,0.5,0.0,0.0,False,,12.0,0.08779209852218628,0.1410825252532959,0.13315017521381378,0.48245933651924133,0.5235374620143408,283.013427734375,0.025288387696848227,0.07499442497889201,0.07162010669708252,0.0,1.4321036754253798,right_ankle_pitch_joint,0,0,0
fwd05_0039,mujoco,0.5,0.0,0.0,False,,12.0,0.07952475547790527,0.14466089010238647,0.10377009212970734,0.49298372864723206,0.46516230820225996,267.77874755859375,0.07286238953522288,0.08353559316500374,0.07154397666454315,0.0,1.1048782379314104,left_ankle_roll_joint,1,0,0
fwd05_0040,mujoco,0.5,0.0,0.0,False,,12.0,0.06972122192382812,0.1429036557674408,0.08245579898357391,0.4560461640357971,0.45497248531179496,206.82518005371094,0.10826588250378501,0.09012208438732407,0.08531729131937027,0.005008347245409015,1.131568394439713,left_ankle_roll_joint,1,0,0
fwd05_0041,mujoco,0.5,0.0,0.0,False,,12.0,0.1279895156621933,0.14071229100227356,0.09689449518918991,0.38895145058631897,0.5383001201577583,196.26307678222656,0.10969580092356596,0.09040662743475127,0.07935279607772827,0.0,1.3395460258160419,right_ankle_roll_joint,0,0,0
fwd05_0042,mujoco,0.5,0.0,0.0,False,,12.0,0.12408073991537094,0.14225903153419495,0.09617225080728531,0.4033714234828949,0.5037406656556522,200.3206787109375,0.14504199333102363,0.0870413055474108,0.08261469006538391,0.0,1.5668964747758163,right_ankle_pitch_joint,0,0,0
fwd05_0043,mujoco,0.5,0.0,0.0,False,,12.0,0.13660569489002228,0.13856184482574463,0.0904010608792305,0.3884401023387909,0.5299080758519842,190.37120056152344,0.10099859934170562,0.09237081794576212,0.08302128314971924,0.0,1.1528754084705628,left_ankle_roll_joint,1,0,0
fwd05_0044,mujoco,0.5,0.0,0.0,False,,12.0,0.08461816608905792,0.14224299788475037,0.12230698764324188,0.49448931217193604,0.4789272166234064,270.00714111328125,0.04823585092160756,0.08042077821764079,0.07572448998689651,0.004173622704507512,1.0438439768943442,left_ankle_roll_joint,1,0,0
fwd05_0045,mujoco,0.5,0.0,0.0,False,,12.0,0.06670468300580978,0.15538769960403442,0.11325923353433609,0.5155633091926575,0.47316376314196534,292.6333312988281,0.29823353406562436,0.0748294223099947,0.07011028379201889,0.0,1.2920946706713838,right_ankle_roll_joint,0,0,0
fwd05_0046,mujoco,0.5,0.0,0.0,False,,12.0,0.10130998492240906,0.15367959439754486,0.10636138170957565,0.4268959164619446,0.5261285690304762,248.35816955566406,0.09419814353927632,0.0866396694698117,0.08071912080049515,0.0,1.0206076755035705,left_ankle_roll_joint,1,0,0
fwd05_0047,mujoco,0.5,0.0,0.0,False,,12.0,0.09457340091466904,0.15354880690574646,0.09970735013484955,0.48121315240859985,0.44308758137302534,213.75332641601562,0.025169916148728936,0.08381063457239758,0.07595440745353699,0.0,1.1660852046801056,left_ankle_roll_joint,1,0,0
fwd05_0048,mujoco,0.5,0.0,0.0,False,,12.0,0.10305667668581009,0.1544642150402069,0.12502719461917877,0.5256897211074829,0.44010857625452243,235.42343139648438,0.046020973642290616,0.07920561663129112,0.07095534354448318,0.0,1.1084201195153565,left_ankle_roll_joint,1,0,0
fwd05_0049,mujoco,0.5,0.0,0.0,False,,12.0,0.11134464293718338,0.14312119781970978,0.1382754147052765,0.5645788908004761,0.4448571497623086,288.7599792480469,0.135174900201326,0.07317581506712097,0.0703258216381073,0.022537562604340568,1.2948458374557117,right_ankle_roll_joint,0,0,0
fwd08_0000,mujoco,0.800000011920929,0.0,0.0,False,,12.0,0.12423809617757797,0.1566859930753708,0.14787715673446655,0.72539883852005,0.4498305474620691,377.2494812011719,0.27459611175515747,0.08035231313922188,0.0713861882686615,0.004173622704507512,1.1348214464156707,right_ankle_roll_joint,1,0,0
fwd08_0001,mujoco,0.800000011920929,0.0,0.0,False,,12.0,0.11077047884464264,0.16403166949748993,0.23825590312480927,0.8168338537216187,0.4479644221054103,433.4798583984375,0.15176376161978897,0.08137521325122743,0.07655743509531021,0.037562604340567615,1.0909256614490757,left_ankle_roll_joint,2,0,0
fwd08_0002,mujoco,0.800000011920929,0.0,0.0,False,,12.0,0.1452978253364563,0.16210900247097015,0.17803138494491577,0.7063000202178955,0.47539150552956766,375.52093505859375,0.279453014986189,0.07782519422471523,0.07314033061265945,0.020868113522537562,1.155300419139276,right_ankle_roll_joint,1,0,0
fwd08_0003,mujoco,0.800000011920929,0.0,0.0,False,,12.0,0.12163800746202469,0.16354182362556458,0.13971713185310364,0.7221052050590515,0.4519343442330379,372.3108825683594,0.10362210918228833,0.08346764937691066,0.07046745717525482,0.0,1.1223729972954395,left_ankle_roll_joint,1,0,0
fwd08_0004,mujoco,0.800000011920929,0.0,0.0,False,,12.0,0.20141150057315826,0.17539198696613312,0.0939752608537674,0.6209975481033325,0.44916470708033907,263.9469909667969,0.07053951389603647,0.08727380503778873,0.070413738489151,0.0,1.2664786297271697,left_ankle_roll_joint,0,0,0
fwd08_0005,mujoco,0.800000011920929,0.0,0.0,False,,12.0,0.152553990483284,0.16700369119644165,0.12096188217401505,0.686754584312439,0.46654600420308157,329.1737365722656,0.112513767501946,0.08124692187361095,0.07273783534765244,0.0,1.2195722211237627,left_ankle_roll_joint,1,0,0
fwd08_0006,mujoco,0.800000011920929,0.0,0.0,False,,12.0,0.1586446613073349,0.16530627012252808,0.15103363990783691,0.6679906249046326,0.43180468097923386,273.04681396484375,0.0035661732883233792,0.09757629231266353,0.07679470628499985,0.0,1.2439553608395408,left_ankle_roll_joint,1,0,0
fwd08_0007,mujoco,0.800000011920929,0.0,0.0,False,,12.0,0.14913880825042725,0.16492046415805817,0.12492597848176956,0.6828978657722473,0.41941476976827546,258.6027526855469,0.0030675350509774546,0.09422183198773343,0.0771867036819458,0.004173622704507512,1.2775547842634203,left_ankle_roll_joint,0,0,0
fwd08_0008,mujoco,0.800000011920929,0.0,0.0,False,,12.0,0.1319078952074051,0.16621725261211395,0.11560314148664474,0.7003499865531921,0.438201920668539,328.6480712890625,0.08107450251589661,0.08784966462332269,0.07443524897098541,0.0,1.1022880727514164,right_ankle_roll_joint,2,0,0
fwd08_0009,mujoco,0.800000011920929,0.0,0.0,False,,12.0,0.09466785937547684,0.1624056100845337,0.16618141531944275,0.7824885249137878,0.44035683821481264,368.07275390625,0.12603651525486811,0.08165671574798497,0.07404923439025879,0.0,1.1600895285970938,left_ankle_roll_joint,1,0,0
fwd08_0010,mujoco,0.800000011920929,0.0,0.0,False,,12.0,0.12120840698480606,0.16886089742183685,0.15864454209804535,0.7476876378059387,0.4539163937995028,388.747802734375,0.08008356844212862,0.08232808760974718,0.07055148482322693,0.0,1.0045530690344746,left_ankle_roll_joint,1,0,0
fwd08_0011,mujoco,0.800000011920929,0.0,0.0,False,,12.0,0.14633943140506744,0.17122088372707367,0.11393401771783829,0.6826631426811218,0.4344133993533711,289.7077941894531,0.005631845039772157,0.09304664588787338,0.08927276730537415,0.004173622704507512,1.216988367277839,left_ankle_roll_joint,1,0,0
fwd08_0012,mujoco,0.800000011920929,0.0,0.0,False,,12.0,0.12993791699409485,0.1672358512878418,0.11282861232757568,0.7132972478866577,0.4316045316188964,306.5293884277344,0.13856955014109001,0.08258555278829906,0.07205893099308014,0.0,1.2423967708477077,left_ankle_roll_joint,1,0,0
fwd08_0013,mujoco,0.800000011920929,0.0,0.0,False,,12.0,0.2130436897277832,0.17431782186031342,0.09140463918447495,0.6037532091140747,0.4556961106701766,266.0115051269531,0.0723301402359074,0.0869794980339382,0.07637123763561249,0.0,1.6992371137696023,right_ankle_roll_joint,0,0,0
fwd08_0014,mujoco,0.800000011920929,0.0,0.0,False,,12.0,0.1424739807844162,0.1686507761478424,0.11380289494991302,0.697678804397583,0.4320198549858817,295.8744812011719,0.12742246751912287,0.08252673630009998,0.07868438214063644,0.0,1.3142361292441151,left_ankle_roll_joint,0,0,0
fwd08_0015,mujoco,0.800000011920929,0.0,0.0,False,,12.0,0.17203281819820404,0.16063344478607178,0.1458750069141388,0.657480001449585,0.4266310228227791,254.72869873046875,0.04751998000148944,0.09727707699589107,0.07542742043733597,0.004173622704507512,1.5657185303430734,right_ankle_pitch_joint,0,0,0
fwd08_0016,mujoco,0.800000011920929,0.0,0.0,False,,12.0,0.11661611497402191,0.18103480339050293,0.11824288964271545,0.7233960032463074,0.4438649750340253,330.1630859375,0.05043602980480084,0.08751182935454628,0.08196601271629333,0.004173622704507512,1.1857850006261155,left_ankle_roll_joint,1,0,0
fwd08_0017,mujoco,0.800000011920929,0.0,0.0,False,,12.0,0.18923795223236084,0.16986073553562164,0.12163046002388,0.6302301287651062,0.4791297528821199,328.6835021972656,0.19207109905174813,0.08246982518745505,0.07415007054805756,0.0,1.386093085300212,right_ankle_roll_joint,0,0,0
fwd08_0018,mujoco,0.800000011920929,0.0,0.0,False,,12.0,0.1844446212053299,0.16731145977973938,0.12480193376541138,0.6328994035720825,0.4590210228926087,301.02447509765625,0.06017962356005539,0.09264387319917264,0.08667441457509995,0.0,1.3945289839299664,left_ankle_roll_joint,0,0,0
fwd08_0019,mujoco,0.800000011920929,0.0,0.0,False,,12.0,0.15873228013515472,0.17073729634284973,0.11657461524009705,0.6745526790618896,0.4592854806645965,332.3972473144531,0.2721317514998573,0.07962981543757698,0.0731869712471962,0.0,1.2201209366188168,left_ankle_roll_joint,1,0,0
fwd08_0020,mujoco,0.800000011920929,0.0,0.0,False,,12.0,0.18348155915737152,0.16184492409229279,0.11508943885564804,0.6373942494392395,0.42488116930724296,245.73919677734375,0.016467458919314466,0.09483178802158522,0.07829874008893967,0.0,1.584344157767181,left_ankle_pitch_joint,0,0,0
fwd08_0021,mujoco,0.800000011920929,0.0,0.0,False,,12.0,0.15617698431015015,0.17193251848220825,0.11036806553602219,0.6779918670654297,0.4386789839022849,308.4754638671875,0.004166622875817724,0.09050832105719525,0.07112865895032883,0.0,1.0,left_ankle_roll_joint,2,0,0
fwd08_0022,mujoco,0.800000011920929,0.0,0.0,False,,12.0,0.18136607110500336,0.16054584085941315,0.11511832475662231,0.645726203918457,0.4221554928961307,252.4464874267578,0.006786020710779408,0.09482232448847397,0.07666084915399551,0.0,1.4208159494915424,left_ankle_roll_joint,0,0,0
fwd08_0023,mujoco,0.800000011920929,0.0,0.0,False,,12.0,0.18845318257808685,0.18547655642032623,0.08986024558544159,0.6324253678321838,0.44128345777380673,264.96990966796875,0.12646407442368676,0.08606937222860077,0.08347943425178528,0.004173622704507512,1.246999470157785,left_ankle_roll_joint,1,0,0
fwd08_0024,mujoco,0.800000011920929,0.0,0.0,False,,12.0,0.13568618893623352,0.1677372306585312,0.10909510403871536,0.7007285356521606,0.44531658683841085,337.4096984863281,0.16869652312796415,0.07968186620961536,0.07353340089321136,0.0,1.2011327516130592,left_ankle_roll_joint,1,0,0
fwd08_0025,mujoco,0.800000011920929,0.0,0.0,False,,12.0,0.16098074615001678,0.162202849984169,0.14531640708446503,0.6672651171684265,0.48865243891645777,383.3713684082031,0.10937151337448638,0.08182946495387865,0.07411809265613556,0.0,1.0221032531817258,left_ankle_roll_joint,1,0,0
fwd08_0026,mujoco,0.800000011920929,0.0,0.0,False,,12.0,0.208291694521904,0.17612022161483765,0.09688431024551392,0.606773316860199,0.46340407300555925,277.76019287109375,0.09686319519483855,0.08707539154135663,0.07709870487451553,0.0,1.6232312422146793,left_ankle_pitch_joint,0,0,0
fwd08_0027,mujoco,0.800000011920929,0.0,0.0,False,,12.0,0.1567927747964859,0.15947452187538147,0.14800426363945007,0.6730450391769409,0.4209548148468521,262.80084228515625,0.0011949985878103924,0.09572852564894635,0.07777838408946991,0.005008347245409015,1.3560686300755127,left_ankle_roll_joint,0,0,0
fwd08_0028,mujoco,0.800000011920929,0.0,0.0,False,,12.0,0.12970170378684998,0.17102192342281342,0.13564038276672363,0.7063782215118408,0.4551254485591478,374.1632080078125,0.13652779449147978,0.08530866387097732,0.07618972659111023,0.004173622704507512,1.134733926254819,left_ankle_roll_joint,1,0,0
fwd08_0029,mujoco,0.800000011920929,0.0,0.0,False,,12.0,0.13897164165973663,0.1732960045337677,0.11337126046419144,0.69630366563797,0.44359016160659276,310.2252502441406,0.12151261625942021,0.08333654701709747,0.07658736407756805,0.0,1.2840275287304572,left_ankle_roll_joint,0,0,0
fwd08_0030,mujoco,0.800000011920929,0.0,0.0,False,,12.0,0.14015351235866547,0.15494641661643982,0.14556191861629486,0.7006580233573914,0.4642236913986577,361.3543701171875,0.17989415108393383,0.08092796251825664,0.07281504571437836,0.0,1.200443828643311,left_ankle_roll_joint,1,0,0
fwd08_0031,mujoco,0.800000011920929,0.0,0.0,False,,12.0,0.20454972982406616,0.16911733150482178,0.10089292377233505,0.6162629723548889,0.463628619088662,286.5669860839844,0.17709257986693652,0.0903220085994057,0.085845947265625,0.0,1.5233083423306366,left_ankle_roll_joint,0,0,0
fwd08_0032,mujoco,0.800000011920929,0.0,0.0,False,,12.0,0.14029183983802795,0.16987080872058868,0.10943002998828888,0.6926319599151611,0.4299892891350378,273.7224426269531,0.07022896691568643,0.09370044456875842,0.07450886815786362,0.0,1.212868685549213,left_ankle_roll_joint,1,0,0
fwd08_0033,mujoco,0.800000011920929,0.0,0.0,False,,12.0,0.17526918649673462,0.1578424721956253,0.1485716700553894,0.6542003750801086,0.4990690959343306,362.7875671386719,0.24570108049978995,0.07861989228562875,0.07004065066576004,0.0,1.2617245037817306,right_ankle_roll_joint,0,0,0
fwd08_0034,mujoco,0.800000011920929,0.0,0.0,False,,12.0,0.12112599611282349,0.1543186604976654,0.15076449513435364,0.7231136560440063,0.4555235128103886,378.451416015625,0.28141826887295196,0.07966799679256621,0.07017289102077484,0.0,1.3059989227275834,left_ankle_roll_joint,0,0,0
fwd08_0035,mujoco,0.800000011920929,0.0,0.0,False,,12.0,0.16888868808746338,0.17112112045288086,0.09420257806777954,0.6550349593162537,0.42148130012482926,268.67108154296875,0.02165568645892253,0.09176252166862073,0.07227002084255219,0.0,1.4567386238603484,left_ankle_pitch_joint,0,0,0
fwd08_0036,mujoco,0.800000011920929,0.0,0.0,False,,12.0,0.18956327438354492,0.1606585532426834,0.1129600778222084,0.641234815120697,0.4653051240003433,299.5286865234375,0.048563716546583216,0.08604830276706944,0.08331600576639175,0.0,1.2090425446050748,left_ankle_roll_joint,1,0,0
fwd08_0037,mujoco,0.800000011920929,0.0,0.0,False,,12.0,0.17031380534172058,0.15730269253253937,0.10555875301361084,0.6530721783638,0.4416294063097799,302.5208435058594,0.029424771094946255,0.09022938038991846,0.08414837718009949,0.0,1.1143203825545394,left_ankle_roll_joint,2,0,0
fwd08_0038,mujoco,0.800000011920929,0.0,0.0,False,,12.0,0.12318022549152374,0.1891568899154663,0.11809580773115158,0.7198683023452759,0.4355260588756228,314.2508239746094,0.061463399808794866,0.08412582359530708,0.07674262672662735,0.005008347245409015,1.0963015130269027,left_ankle_roll_joint,1,0,0
fwd08_0039,mujoco,0.800000011920929,0.0,0.0,False,,12.0,0.1383785456418991,0.15106283128261566,0.15104611217975616,0.6939480900764465,0.4679811461324006,376.2261657714844,0.1311286448234753,0.08216159887935805,0.07630470395088196,0.0,1.266063207533349,left_ankle_roll_joint,0,0,0
fwd08_0040,mujoco,0.800000011920929,0.0,0.0,False,,12.0,0.15319764614105225,0.16223308444023132,0.11815804988145828,0.6842235922813416,0.4215414657223489,279.6272277832031,0.04875428827879526,0.0928433372274689,0.07767782360315323,0.0,1.0043326044640921,left_ankle_roll_joint,2,0,0
fwd08_0041,mujoco,0.800000011920929,0.0,0.0,False,,12.0,0.1310993880033493,0.17153103649616241,0.10762522369623184,0.6965181231498718,0.43460215124591006,318.169921875,0.11930958855407275,0.08649341535309087,0.07546650618314743,0.0,1.2288675877173245,right_ankle_roll_joint,1,0,0
fwd08_0042,mujoco,0.800000011920929,0.0,0.0,False,,12.0,0.1380496770143509,0.1712796539068222,0.12232688069343567,0.6937203407287598,0.4439543831691761,330.57177734375,0.11155580559596708,0.08993318450191747,0.07508920878171921,0.0,1.1461547228426745,left_ankle_roll_joint,2,0,0
fwd08_0043,mujoco,0.800000011920929,0.0,0.0,False,,12.0,0.1027783676981926,0.1652528941631317,0.1700390726327896,0.7824227213859558,0.4468722234796911,413.2737121582031,0.15470642289660158,0.08326482637362047,0.07188177108764648,0.008347245409015025,1.0986348578437053,right_ankle_roll_joint,2,0,0
fwd08_0044,mujoco,0.800000011920929,0.0,0.0,False,,12.0,0.18292753398418427,0.16266915202140808,0.11389175057411194,0.6389535069465637,0.42896817269478266,250.23117065429688,0.013335547801006644,0.09366956417975218,0.07150898873806,0.004173622704507512,1.3276564710490153,left_ankle_roll_joint,0,0,0
fwd08_0045,mujoco,0.800000011920929,0.0,0.0,False,,12.0,0.1102733388543129,0.1764903962612152,0.13416941463947296,0.7352375984191895,0.4421592292895645,339.28662109375,0.12432850254728053,0.08475112305446104,0.07688235491514206,0.004173622704507512,1.2129457565861594,left_ankle_roll_joint,1,0,0
fwd08_0046,mujoco,0.800000011920929,0.0,0.0,False,,12.0,0.12754011154174805,0.17099221050739288,0.10896783322095871,0.706913411617279,0.4305233721571699,293.4073486328125,0.16382868771040848,0.0823083147406578,0.07051169872283936,0.0,1.3600347465745648,left_ankle_roll_joint,0,0,0
fwd08_0047,mujoco,0.800000011920929,0.0,0.0,False,,12.0,0.1833139955997467,0.17509271204471588,0.11877402663230896,0.6510196328163147,0.4789355542778484,300.4439697265625,0.07028677777520871,0.0808522521772168,0.07377935945987701,0.0,1.1562769544075053,left_ankle_roll_joint,1,0,0
fwd08_0048,mujoco,0.800000011920929,0.0,0.0,False,,12.0,0.12294621765613556,0.17432227730751038,0.13436560332775116,0.7525964975357056,0.4411478937213299,361.03265380859375,0.24660900928258372,0.08244731006297198,0.07142780721187592,0.008347245409015025,1.0529515753698353,left_ankle_roll_joint,1,0,0
fwd08_0049,mujoco,0.800000011920929,0.0,0.0,False,,12.0,0.15232613682746887,0.15547022223472595,0.16305775940418243,0.6738685369491577,0.42255911183464046,263.6505126953125,0.06864892212812464,0.09810738038757573,0.08669617027044296,0.0,1.6182905484997725,left_ankle_pitch_joint,0,0,0
fwd10_0000,mujoco,1.0,0.0,0.0,False,,12.0,0.2556791603565216,0.18532288074493408,0.16728277504444122,0.769766092300415,0.44081485731589565,309.7794189453125,0.0670730006203104,0.09663052565377692,0.0848466232419014,0.004173622704507512,1.0,right_ankle_roll_joint,1,0,0
fwd10_0001,mujoco,1.0,0.0,0.0,False,,12.0,0.21621307730674744,0.18634432554244995,0.31572508811950684,0.8278300762176514,0.5246290783012684,505.6545715332031,0.314767760304449,0.08252812851042975,0.0731230229139328,0.025041736227045076,1.0351830773935036,right_ankle_roll_joint,1,0,0
fwd10_0002,mujoco,1.0,0.0,0.0,False,,12.0,0.24605469405651093,0.17992588877677917,0.16207000613212585,0.7826029658317566,0.49154052905270407,425.3602600097656,0.256076927718051,0.08162913601035657,0.07163487374782562,0.0,1.0893609476389714,left_ankle_roll_joint,1,0,0
fwd10_0003,mujoco,1.0,0.0,0.0,False,,12.0,0.18972574174404144,0.18780414760112762,0.17743882536888123,0.8442463874816895,0.4795770560061134,430.4175109863281,0.043503442227692896,0.0861970076094503,0.0752519890666008,0.004173622704507512,1.1135206833997586,left_ankle_roll_joint,2,0,0
fwd10_0004,mujoco,1.0,0.0,0.0,False,,12.0,0.19504699110984802,0.17993925511837006,0.16934974491596222,0.8348107933998108,0.4797047992349901,469.56317138671875,0.00790752948772534,0.08543167911145998,0.07426752150058746,0.0,1.0,left_ankle_roll_joint,2,0,0
fwd10_0005,mujoco,1.0,0.0,0.0,False,,12.0,0.19940432906150818,0.2096872329711914,0.1529129445552826,0.8316826224327087,0.4755491346202722,419.2536926269531,0.10684002086549203,0.08596022070749947,0.07244466990232468,0.0,1.0356598714788388,left_ankle_roll_joint,1,0,0
fwd10_0006,mujoco,1.0,0.0,0.0,False,,12.0,0.18220826983451843,0.18187691271305084,0.3543780744075775,0.8766041398048401,0.5034269726894967,509.0711975097656,0.24828562774314325,0.08294684439897537,0.07107946276664734,0.012520868113522538,1.0026574952227814,right_ankle_roll_joint,2,0,0
fwd10_0007,mujoco,1.0,0.0,0.0,False,,12.0,0.20502012968063354,0.20764252543449402,0.151680588722229,0.824369490146637,0.48296867659102144,438.2186584472656,0.04304948299446485,0.08669643654771474,0.07651295512914658,0.0,1.0,left_ankle_roll_joint,1,0,0
fwd10_0008,mujoco,1.0,0.0,0.0,False,,12.0,0.24967749416828156,0.1975279599428177,0.11840462684631348,0.7802892923355103,0.4623881019996094,350.5141296386719,0.0083194875349768,0.09080399119335672,0.07649727165699005,0.004173622704507512,1.2219613126071396,left_ankle_roll_joint,1,0,0
fwd10_0009,mujoco,1.0,0.0,0.0,False,,12.0,0.31727203726768494,0.1879325807094574,0.1372634470462799,0.7022672891616821,0.5030276513532986,370.9544677734375,0.07989665892384452,0.08679688268381616,0.08256636559963226,0.0,1.4214877765882319,left_ankle_roll_joint,0,0,0
fwd10_0010,mujoco,1.0,0.0,0.0,False,,12.0,0.1560109555721283,0.21036212146282196,0.2042602151632309,0.8842499852180481,0.49587309790053025,500.0647277832031,0.0428943248117668,0.08708857744932175,0.0739140510559082,0.0,1.0163646269099114,left_ankle_roll_joint,2,0,0
fwd10_0011,mujoco,1.0,0.0,0.0,False,,12.0,0.26667818427085876,0.187481090426445,0.16323117911815643,0.7519640922546387,0.5014325612282745,428.931884765625,0.07173621640802658,0.08622415687726892,0.0790664553642273,0.0,1.1607080591910457,right_ankle_roll_joint,2,0,0
fwd10_0012,mujoco,1.0,0.0,0.0,False,,12.0,0.29522058367729187,0.1862020641565323,0.12953220307826996,0.7250341773033142,0.48803127917941913,374.5827331542969,0.1588611304210811,0.08246123110470564,0.07580306380987167,0.0,1.2221023064999244,left_ankle_roll_joint,1,0,0
fwd10_0013,mujoco,1.0,0.0,0.0,False,,12.0,0.2661398649215698,0.17755573987960815,0.15436147153377533,0.7575666904449463,0.4498172871912489,322.7742004394531,0.05055157275485132,0.09669036353411882,0.08458033204078674,0.004173622704507512,1.273213671660233,right_ankle_roll_joint,0,0,0
fwd10_0014,mujoco,1.0,0.0,0.0,False,,12.0,0.16275747120380402,0.17442816495895386,0.3268444240093231,0.9150869846343994,0.4955452336530973,515.811279296875,0.013299952282097842,0.08431943844665181,0.07524994760751724,0.020868113522537562,1.0,left_ankle_roll_joint,2,0,0
fwd10_0015,mujoco,1.0,0.0,0.0,False,,12.0,0.239906907081604,0.17791196703910828,0.19132889807224274,0.7793352603912354,0.5048995264487864,473.9163513183594,0.1556141648092443,0.08284406817477682,0.0708358883857727,0.0,1.1161855937868574,right_ankle_roll_joint,2,0,0
fwd10_0016,mujoco,1.0,0.0,0.0,False,,12.0,0.25507286190986633,0.17022286355495453,0.1516675055027008,0.7690004706382751,0.48339456479235654,390.2536315917969,0.11498031971698693,0.08390436062346333,0.07721663266420364,0.0,1.2564478402446204,left_ankle_roll_joint,0,0,0
fwd10_0017,mujoco,1.0,0.0,0.0,False,,12.0,0.2582200765609741,0.19341450929641724,0.13487893342971802,0.769618570804596,0.45445318412025903,333.3552551269531,0.019916745894251717,0.09522557550150415,0.08091611415147781,0.0,1.1603841151885208,left_ankle_roll_joint,2,0,0
fwd10_0018,mujoco,1.0,0.0,0.0,False,,12.0,0.23564167320728302,0.1833406239748001,0.18275563418865204,0.7961229085922241,0.4930684509284401,425.9213562011719,0.0865138165086127,0.08248126103232305,0.07021390646696091,0.0,1.1499404106819326,right_ankle_roll_joint,2,0,0
fwd10_0019,mujoco,1.0,0.0,0.0,False,,12.0,0.19650182127952576,0.17734986543655396,0.28998884558677673,0.8468330502510071,0.5043300505615883,490.4799499511719,0.3180833346986436,0.08205387883243107,0.07282174378633499,0.05175292153589316,1.0,right_ankle_roll_joint,2,0,0
fwd10_0020,mujoco,1.0,0.0,0.0,False,,12.0,0.27027207612991333,0.179583340883255,0.1972411572933197,0.7516248822212219,0.4404660384108425,294.8941345214844,0.06502592907728104,0.1008414626121521,0.09093592315912247,0.0,1.007099222769761,right_ankle_roll_joint,1,0,0
fwd10_0021,mujoco,1.0,0.0,0.0,False,,12.0,0.15394923090934753,0.15912534296512604,0.3074219524860382,0.8934844136238098,0.46403791722118726,486.9295959472656,0.22027860538115904,0.08165171674706719,0.07023154199123383,0.05091819699499165,1.001709613346142,right_ankle_roll_joint,2,0,0
fwd10_0022,mujoco,1.0,0.0,0.0,False,,12.0,0.20317380130290985,0.17812837660312653,0.250327467918396,0.8458885550498962,0.4885996270810333,456.01947021484375,0.2876061436132273,0.08041054247455164,0.07005345076322556,0.034223706176961605,1.0,right_ankle_roll_joint,1,0,0
fwd10_0023,mujoco,1.0,0.0,0.0,False,,12.0,0.24694198369979858,0.2034786194562912,0.10326973348855972,0.7820140719413757,0.44863368972275586,336.8242492675781,0.01678937966808514,0.08882156467956046,0.07366243004798889,0.0,1.089014747628609,left_ankle_roll_joint,1,0,0
fwd10_0024,mujoco,1.0,0.0,0.0,False,,12.0,0.29149678349494934,0.17929959297180176,0.14678102731704712,0.7290343046188354,0.4826768791345109,372.3418884277344,0.07091381312371926,0.08953168145988298,0.08469384908676147,0.0,1.2607431942235816,right_ankle_roll_joint,0,0,0
fwd10_0025,mujoco,1.0,0.0,0.0,False,,12.0,0.2573398947715759,0.18596337735652924,0.15618012845516205,0.7706260681152344,0.46863041904257063,364.6720275878906,0.10971020877693517,0.09755965322256088,0.0880202203989029,0.0,1.0,left_ankle_roll_joint,1,0,0
fwd10_0026,mujoco,1.0,0.0,0.0,False,,12.0,0.29216405749320984,0.20889125764369965,0.10096696019172668,0.7231922745704651,0.477963374856183,323.6429748535156,0.12515232498171336,0.08252345317083856,0.07497449964284897,0.0,1.5855616533888337,left_ankle_roll_joint,0,0,0
fwd10_0027,mujoco,1.0,0.0,0.0,False,,12.0,0.26966115832328796,0.19043485820293427,0.1436416655778885,0.744759738445282,0.4975237964015902,430.22772216796875,0.17225872599790956,0.0811788326372271,0.07238051295280457,0.0,1.1226057897636479,right_ankle_roll_joint,1,0,0
fwd10_0028,mujoco,1.0,0.0,0.0,False,,12.0,0.2198501080274582,0.1950385421514511,0.13539375364780426,0.8070492744445801,0.47603976413418675,423.381103515625,0.026720891939943446,0.0865421210942061,0.07841632515192032,0.0,1.1259993392325147,left_ankle_roll_joint,1,0,0
fwd10_0029,mujoco,1.0,0.0,0.0,False,,12.0,0.276273638010025,0.1897769570350647,0.12626223266124725,0.7396972179412842,0.48742913346075495,395.25360107421875,0.005431794894699002,0.08451390622750572,0.08016621321439743,0.0,1.2057185899247178,left_ankle_roll_joint,1,0,0
fwd10_0030,mujoco,1.0,0.0,0.0,False,,12.0,0.2756127715110779,0.19576357305049896,0.09550013393163681,0.7438041567802429,0.46240948312579916,315.5530090332031,0.0630010571184336,0.0836453901036926,0.0790208950638771,0.0,1.1447666177278473,left_ankle_roll_joint,1,0,0
fwd10_0031,mujoco,1.0,0.0,0.0,False,,12.0,0.21938714385032654,0.1977199912071228,0.1248134896159172,0.802545964717865,0.46591943893917276,408.9374084472656,0.12264175747319625,0.08415037782295891,0.07474774867296219,0.0,1.134994233976093,left_ankle_roll_joint,2,0,0
fwd10_0032,mujoco,1.0,0.0,0.0,False,,12.0,0.254571795463562,0.19985727965831757,0.11419373005628586,0.7703062891960144,0.4472521268932848,316.0720520019531,0.07836652167335596,0.09234742982232053,0.0782860592007637,0.004173622704507512,1.2478702851634118,left_ankle_roll_joint,1,0,0
fwd10_0033,mujoco,1.0,0.0,0.0,False,,12.0,0.19640377163887024,0.21161065995693207,0.18967482447624207,0.8540524244308472,0.48733630571084907,457.8717041015625,0.08807247598539897,0.08709605038166046,0.07527686655521393,0.012520868113522538,1.0660770043912886,left_ankle_roll_joint,1,0,0
fwd10_0034,mujoco,1.0,0.0,0.0,False,,12.0,0.2015070915222168,0.1810057908296585,0.2508707046508789,0.8330802917480469,0.48716501980407156,455.1654052734375,0.1041802911023412,0.08183303151441657,0.0718865618109703,0.004173622704507512,1.101159678108726,right_ankle_roll_joint,2,0,0
fwd10_0035,mujoco,1.0,0.0,0.0,False,,12.0,0.24261684715747833,0.20054839551448822,0.13408055901527405,0.7875177264213562,0.47238413484900643,367.97210693359375,0.06403684844575411,0.08379865696896678,0.07083864510059357,0.0,1.2984945654583293,left_ankle_roll_joint,0,0,0
fwd10_0036,mujoco,1.0,0.0,0.0,False,,12.0,0.2521727383136749,0.2020360380411148,0.11124871671199799,0.7749856114387512,0.454544518073854,325.82476806640625,0.035797350867812175,0.08901294029277304,0.07710585743188858,0.0,1.191550005753722,left_ankle_roll_joint,1,0,0
fwd10_0037,mujoco,1.0,0.0,0.0,False,,12.0,0.2216489017009735,0.19711841642856598,0.1472388058900833,0.8194084167480469,0.4827317369505231,396.73577880859375,0.07931370234044031,0.09220075672087462,0.08012782037258148,0.004173622704507512,1.0079831736207285,left_ankle_roll_joint,2,0,0
fwd10_0038,mujoco,1.0,0.0,0.0,False,,12.0,0.2813562750816345,0.18248164653778076,0.13427641987800598,0.7403668761253357,0.4581497469082824,340.1247253417969,0.06372710524389895,0.09372214098339496,0.0875401422381401,0.0,1.2067446671160575,left_ankle_roll_joint,1,0,0
fwd10_0039,mujoco,1.0,0.0,0.0,False,,12.0,0.23808521032333374,0.19433893263339996,0.16409024596214294,0.7855518460273743,0.4865973988859437,425.0378723144531,0.12693502126803108,0.08168831500022308,0.07028556615114212,0.0,1.096189426202893,right_ankle_roll_joint,2,0,0
fwd10_0040,mujoco,1.0,0.0,0.0,False,,12.0,0.254371702671051,0.1969655603170395,0.12975428998470306,0.773176908493042,0.45960099699545787,340.4964904785156,0.012564109620682171,0.08975797470497049,0.07817208766937256,0.004173622704507512,1.1988862884942089,left_ankle_roll_joint,1,0,0
fwd10_0041,mujoco,1.0,0.0,0.0,False,,12.0,0.18365584313869476,0.2218388170003891,0.16328206658363342,0.851555347442627,0.4795652917722395,403.09228515625,0.03488310279538871,0.08527704587449199,0.07249008864164352,0.004173622704507512,1.1509098388689347,left_ankle_roll_joint,1,0,0
fwd10_0042,mujoco,1.0,0.0,0.0,False,,12.0,0.23632057011127472,0.19819045066833496,0.1381523460149765,0.7849149107933044,0.47579729217760475,388.1398010253906,0.22570344588717844,0.08127629109050917,0.07236592471599579,0.0,1.268151534716977,left_ankle_roll_joint,0,0,0
fwd10_0043,mujoco,1.0,0.0,0.0,False,,12.0,0.23874825239181519,0.19871754944324493,0.12075252830982208,0.7925155758857727,0.4639521242306737,361.2278137207031,0.016108064192389655,0.08939658591280812,0.07454614341259003,0.0,1.1931150474753687,left_ankle_roll_joint,1,0,0
fwd10_0044,mujoco,1.0,0.0,0.0,False,,12.0,0.23005841672420502,0.19890666007995605,0.16720041632652283,0.7950577139854431,0.48528311792574746,389.27667236328125,0.07932027955447318,0.0840431263913279,0.07234526425600052,0.0,1.2138626612886796,left_ankle_roll_joint,1,0,0
fwd10_0045,mujoco,1.0,0.0,0.0,False,,12.0,0.2146061658859253,0.21246835589408875,0.14167693257331848,0.8192675113677979,0.47194681795692495,378.36004638671875,0.17471589270783902,0.08436993340199644,0.07381997257471085,0.0,1.0058520969001346,left_ankle_roll_joint,1,0,0
fwd10_0046,mujoco,1.0,0.0,0.0,False,,12.0,0.2913450002670288,0.18590854108333588,0.13877926766872406,0.724727988243103,0.4979675131961828,398.6640319824219,0.07065457175675978,0.08347183303988498,0.0800325870513916,0.0,1.2399363722836305,right_ankle_roll_joint,1,0,0
fwd10_0047,mujoco,1.0,0.0,0.0,False,,12.0,0.21898767352104187,0.20069274306297302,0.13185258209705353,0.8193109035491943,0.4762954938443603,418.1936340332031,0.05142898915155541,0.08803930846245392,0.07417774200439453,0.0,1.0094683871086993,left_ankle_roll_joint,1,0,0
fwd10_0048,mujoco,1.0,0.0,0.0,False,,12.0,0.28402018547058105,0.1900022029876709,0.10932962596416473,0.7360621690750122,0.45694179779909794,310.28521728515625,0.02128857843903953,0.09110604939253433,0.0884118601679802,0.0,1.3882091400955643,left_ankle_roll_joint,0,0,0
fwd10_0049,mujoco,1.0,0.0,0.0,False,,12.0,0.2909376323223114,0.18840257823467255,0.11698240041732788,0.7296862602233887,0.47769432726165595,350.0726623535156,0.047608120242964194,0.08399054148922795,0.07634494453668594,0.0,1.3021873091412428,left_ankle_roll_joint,0,0,0
left03_0000,mujoco,0.0,0.30000001192092896,0.0,False,,12.0,0.05310599133372307,0.21077604591846466,0.10897211730480194,-0.034086309373378754,,194.11746215820312,0.27753295199283234,0.08429581033332008,0.08002425730228424,0.0,1.0353900318405027,left_ankle_roll_joint,1,0,0
left03_0001,mujoco,0.0,0.30000001192092896,0.0,False,,12.0,0.06804493069648743,0.185443714261055,0.10241168737411499,-0.012371824122965336,3.8212837322056585,232.63182067871094,0.5796184551622171,0.07116460800170898,0.07015985250473022,0.0,1.0,left_ankle_roll_joint,1,0,0
left03_0002,mujoco,0.0,0.30000001192092896,0.0,False,,12.0,0.07191643863916397,0.18598929047584534,0.122942715883255,-0.03929466754198074,3.8870214869323783,219.8496856689453,0.33179525195587806,0.09126893261616881,0.07597071677446365,0.004173622704507512,1.0,left_ankle_roll_joint,1,0,0
left03_0003,mujoco,0.0,0.30000001192092896,0.0,False,,12.0,0.060002923011779785,0.1877201348543167,0.11958669126033783,-0.015160605311393738,,209.48944091796875,0.40419476159484213,0.081704992800951,0.07116429507732391,0.004173622704507512,1.5750211489656234,left_ankle_roll_joint,0,0,0
left03_0004,mujoco,0.0,0.30000001192092896,0.0,False,,12.0,0.0639793649315834,0.18809360265731812,0.12696324288845062,-0.00615249527618289,,216.04090881347656,0.3778216758055898,0.08665310015732591,0.07638634741306305,0.0,1.372711299089036,left_ankle_pitch_joint,0,0,0
left03_0005,mujoco,0.0,0.30000001192092896,0.0,False,,12.0,0.06447380781173706,0.19025878608226776,0.10894117504358292,-0.03437787666916847,,197.4208526611328,0.1383399848592028,0.09241787987676534,0.08395266532897949,0.008347245409015025,1.3512480967704439,left_ankle_pitch_joint,0,0,0
left03_0006,mujoco,0.0,0.30000001192092896,0.0,False,,12.0,0.038868557661771774,0.19456510245800018,0.11180153489112854,-0.010224996134638786,,189.87911987304688,0.015968372387593893,0.09379089894619855,0.08210661262273788,0.004173622704507512,1.3841645800466116,left_ankle_pitch_joint,0,0,0
left03_0007,mujoco,0.0,0.30000001192092896,0.0,False,,12.0,0.06763707846403122,0.18187148869037628,0.11184580624103546,-0.03669029846787453,,236.04327392578125,0.5123525333095046,0.07945041581988335,0.07422426342964172,0.004173622704507512,1.1029689118898478,left_ankle_roll_joint,1,0,0
left03_0008,mujoco,0.0,0.30000001192092896,0.0,False,,12.0,0.07334394752979279,0.17999188601970673,0.1054796427488327,-0.03161623328924179,3.765297362431366,215.28407287597656,0.4437144405961452,0.08315857961064294,0.07729154080152512,0.0,1.0,left_ankle_roll_joint,1,0,0
left03_0009,mujoco,0.0,0.30000001192092896,0.0,False,,12.0,0.1157848984003067,0.1812783032655716,0.1100573018193245,0.07811363786458969,2.4071787373152156,230.67031860351562,0.5629108871836931,0.07499518535203403,0.07173505425453186,0.010851419031719533,1.0621282609498652,left_ankle_roll_joint,1,0,0
left03_0010,mujoco,0.0,0.30000001192092896,0.0,False,,12.0,0.06925737112760544,0.1911424696445465,0.10062205791473389,-0.04007989913225174,,178.5996856689453,0.28463350428380824,0.08522718044973555,0.07715927809476852,0.005843071786310518,1.218713526960499,left_ankle_roll_joint,1,0,0
left03_0011,mujoco,0.0,0.30000001192092896,0.0,False,,12.0,0.10005411505699158,0.1601974219083786,0.11212248355150223,0.0360155813395977,3.133762287110621,294.5174865722656,0.9024837071745837,0.07476756934608732,0.07165533304214478,0.004173622704507512,1.0,left_ankle_roll_joint,1,0,0
left03_0012,mujoco,0.0,0.30000001192092896,0.0,False,,12.0,0.05567172169685364,0.18674612045288086,0.11177387833595276,-0.03992082551121712,,194.44070434570312,0.10941399273743477,0.09218535369092767,0.07667182385921478,0.0,1.0,left_ankle_roll_joint,1,0,0
left03_0013,mujoco,0.0,0.30000001192092896,0.0,False,,12.0,0.05869101732969284,0.19680315256118774,0.10683045536279678,-0.04389345273375511,,176.34548950195312,0.15646854624722206,0.09048403291539713,0.07172112166881561,0.0,1.1577328409046996,left_ankle_roll_joint,1,0,0
left03_0014,mujoco,0.0,0.30000001192092896,0.0,False,,12.0,0.07071284204721451,0.1922300010919571,0.096986785531044,-0.031145671382546425,,207.5321807861328,0.4131326913351315,0.07437298411414736,0.07057633996009827,0.005008347245409015,1.056118800472978,left_ankle_roll_joint,1,0,0
left03_0015,mujoco,0.0,0.30000001192092896,0.0,False,,12.0,0.05543532222509384,0.1902809590101242,0.13101933896541595,-0.03557280823588371,,188.79132080078125,0.17855427270128707,0.09081345903021949,0.07426624000072479,0.005008347245409015,1.0,left_ankle_roll_joint,1,0,0
left03_0016,mujoco,0.0,0.30000001192092896,0.0,False,,12.0,0.07368753850460052,0.20819832384586334,0.11090975999832153,-0.014313817024230957,3.5376133541293653,197.6681365966797,0.1828700633093755,0.08853769905510403,0.0817132219672203,0.0,1.1154628720156305,left_ankle_roll_joint,1,0,0
left03_0017,mujoco,0.0,0.30000001192092896,0.0,False,,12.0,0.06196273863315582,0.17619843780994415,0.10959015041589737,-0.03249530494213104,,254.10525512695312,0.5295633585192923,0.08084734422819954,0.07173237949609756,0.004173622704507512,1.0,left_ankle_roll_joint,1,0,0
left03_0018,mujoco,0.0,0.30000001192092896,0.0,False,,12.0,0.06767638772726059,0.1998167634010315,0.10966840386390686,-0.047055963426828384,,201.4567413330078,0.17906790973152426,0.08918369596912748,0.08419333398342133,0.004173622704507512,1.1745180867156044,left_ankle_roll_joint,1,0,0
left03_0019,mujoco,0.0,0.30000001192092896,0.0,False,,12.0,0.048642270267009735,0.17625972628593445,0.10664120316505432,-0.01695662923157215,,237.2637481689453,0.5614982184893864,0.07347715763669264,0.0706586167216301,0.0,1.0674848574394247,left_ankle_roll_joint,1,0,0
left03_0020,mujoco,0.0,0.30000001192092896,0.0,False,,12.0,0.05742552876472473,0.18779180943965912,0.1056712418794632,-0.040862418711185455,,185.08595275878906,0.05843289211927359,0.09695007787509398,0.09014851599931717,0.004173622704507512,1.0934309428226596,left_ankle_roll_joint,1,0,0
left03_0021,mujoco,0.0,0.30000001192092896,0.0,False,,12.0,0.05636371299624443,0.19312742352485657,0.11764194071292877,-0.02673082798719406,,202.23062133789062,0.17374621744891264,0.09307553382082419,0.07773081958293915,0.004173622704507512,1.0613760536907026,left_ankle_roll_joint,1,0,0
left03_0022,mujoco,0.0,0.30000001192092896,0.0,False,,12.0,0.0605093389749527,0.1861836165189743,0.11958569288253784,-0.029055403545498848,4.093910377107311,259.1167297363281,0.48242478144758494,0.08497751575140726,0.07691942155361176,0.005843071786310518,1.0,left_ankle_roll_joint,1,0,0
left03_0023,mujoco,0.0,0.30000001192092896,0.0,False,,12.0,0.06428773701190948,0.1773245632648468,0.11205039918422699,-0.03533834218978882,,238.84197998046875,0.5848193617918427,0.08003504609777815,0.07348009943962097,0.004173622704507512,1.2036901765720516,left_ankle_roll_joint,1,0,0
left03_0024,mujoco,0.0,0.30000001192092896,0.0,False,,12.0,0.08025791496038437,0.18424880504608154,0.10344753414392471,-0.049763236194849014,3.4563138790368533,212.33303833007812,0.38273033772260195,0.08683916926383972,0.08020761609077454,0.004173622704507512,1.0,left_ankle_roll_joint,1,0,0
left03_0025,mujoco,0.0,0.30000001192092896,0.0,False,,12.0,0.04963080957531929,0.1770726591348648,0.10409267246723175,-0.021842466667294502,,210.94508361816406,0.532370138324585,0.0781231007792733,0.07203686237335205,0.0,1.0461867883585327,left_ankle_roll_joint,1,0,0
left03_0026,mujoco,0.0,0.30000001192092896,0.0,False,,12.0,0.06876155734062195,0.17877820134162903,0.10754971206188202,-0.023225652053952217,3.8034234745925612,216.5526123046875,0.46079112126110466,0.08301491588354111,0.07844628393650055,0.0,1.0,left_ankle_roll_joint,1,0,0
left03_0027,mujoco,0.0,0.30000001192092896,0.0,False,,12.0,0.05432649701833725,0.18865984678268433,0.10731896013021469,-0.03707747161388397,,201.84454345703125,0.4144329485120819,0.08512125946581364,0.08176305145025253,0.0,1.0,left_ankle_roll_joint,1,0,0
left03_0028,mujoco,0.0,0.30000001192092896,0.0,False,,12.0,0.06515160948038101,0.1801300048828125,0.11898235976696014,0.01197741087526083,,239.0211944580078,0.5312301392015553,0.07477754141603198,0.0703548863530159,0.0,1.1347619246880036,left_ankle_roll_joint,1,0,0
left03_0029,mujoco,0.0,0.30000001192092896,0.0,False,,12.0,0.07149602472782135,0.18406836688518524,0.10596883296966553,-0.039601121097803116,,179.03140258789062,0.14121947306875765,0.09194455295801163,0.08160970360040665,0.004173622704507512,1.2250603119820012,left_ankle_roll_joint,1,0,0
left03_0030,mujoco,0.0,0.30000001192092896,0.0,False,,12.0,0.08000704646110535,0.18897944688796997,0.10198187083005905,-0.0540471076965332,3.352209542832153,219.3468780517578,0.2926494730458319,0.08922517228694189,0.08608804643154144,0.005008347245409015,1.0,left_ankle_roll_joint,1,0,0
left03_0031,mujoco,0.0,0.30000001192092896,0.0,False,,12.0,0.04844437167048454,0.1890449821949005,0.10352569073438644,-0.014255454763770103,,216.48817443847656,0.4359298666393174,0.07967860961244219,0.07546310126781464,0.005008347245409015,1.0096312903125173,left_ankle_roll_joint,1,0,0
left03_0032,mujoco,0.0,0.30000001192092896,0.0,False,,12.0,0.058284249156713486,0.1581377387046814,0.10320808738470078,-0.02186877839267254,,236.2980499267578,0.6508977397984577,0.07345670014619828,0.07172737270593643,0.0,1.0767764891093774,left_ankle_roll_joint,1,0,0
left03_0033,mujoco,0.0,0.30000001192092896,0.0,False,,12.0,0.06316334009170532,0.16208842396736145,0.10855760425329208,-0.039556149393320084,3.8808350790846884,254.8470001220703,0.6374866238173734,0.07229935377836227,0.07065851986408234,0.0,1.0,left_ankle_roll_joint,1,0,0
left03_0034,mujoco,0.0,0.30000001192092896,0.0,False,,12.0,0.062372367829084396,0.1931358426809311,0.1035030260682106,-0.04496414214372635,,214.52108764648438,0.4910151335984314,0.07681333770354588,0.07067561894655228,0.004173622704507512,1.0,left_ankle_roll_joint,1,0,0
left03_0035,mujoco,0.0,0.30000001192092896,0.0,False,,12.0,0.10735742747783661,0.1805529147386551,0.11814743280410767,0.03129982575774193,3.1175934460868286,214.0794219970703,0.6073611717628182,0.07671102285385131,0.07211698591709137,0.005843071786310518,1.4247782480143776,left_ankle_roll_joint,0,0,0
left03_0036,mujoco,0.0,0.30000001192092896,0.0,False,,12.0,0.047672197222709656,0.18970955908298492,0.10070322453975677,-0.03132489323616028,,179.45809936523438,0.2922047429964635,0.08904999968680469,0.07811212539672852,0.005843071786310518,1.1670008327007513,left_ankle_roll_joint,1,0,0
left03_0037,mujoco,0.0,0.30000001192092896,0.0,False,,12.0,0.07938244193792343,0.19222499430179596,0.1174730584025383,-0.048305924981832504,3.5461980464096166,211.17588806152344,0.3235421174781109,0.0868908181076958,0.07980181276798248,0.0,1.0,left_ankle_roll_joint,1,0,0
left03_0038,mujoco,0.0,0.30000001192092896,0.0,False,,12.0,0.03947998583316803,0.18840497732162476,0.10817859321832657,0.009267969988286495,,229.39927673339844,0.5094189837884923,0.0726953037083149,0.0705624595284462,0.008347245409015025,1.3285477826959975,left_ankle_roll_joint,0,0,0
left03_0039,mujoco,0.0,0.30000001192092896,0.0,False,,12.0,0.06402019411325455,0.19489732384681702,0.12682326138019562,-0.022973844781517982,,227.16432189941406,0.3679943356440098,0.08572155572474002,0.08142122626304626,0.0,1.0,left_ankle_roll_joint,1,0,0
left03_0040,mujoco,0.0,0.30000001192092896,0.0,False,,12.0,0.07519900053739548,0.19039487838745117,0.12874090671539307,-0.01185530424118042,3.7801341697487576,265.9182434082031,0.44511906079031804,0.0818223197545324,0.07086187601089478,0.005008347245409015,1.0,left_ankle_roll_joint,1,0,0
left03_0041,mujoco,0.0,0.30000001192092896,0.0,False,,12.0,0.05527232214808464,0.19065605103969574,0.1015360876917839,-0.03345431759953499,,218.95228576660156,0.3888256161484396,0.08354658810865312,0.07883327454328537,0.0,1.0,left_ankle_roll_joint,1,0,0
left03_0042,mujoco,0.0,0.30000001192092896,0.0,False,,12.0,0.05767781287431717,0.19580960273742676,0.11268918216228485,-0.03750554099678993,,209.0353546142578,0.11426584530963774,0.09102147614414041,0.08556851744651794,0.005843071786310518,1.254036804897178,left_ankle_roll_joint,0,0,0
left03_0043,mujoco,0.0,0.30000001192092896,0.0,False,,12.0,0.05927771329879761,0.20053495466709137,0.12072861194610596,-0.021720655262470245,,209.47885131835938,0.2593449601149299,0.08740821954878894,0.07548598200082779,0.004173622704507512,1.2251061136445316,left_ankle_roll_joint,1,0,0
left03_0044,mujoco,0.0,0.30000001192092896,0.0,False,,12.0,0.05852162837982178,0.19852584600448608,0.11780661344528198,-0.030639877542853355,,223.14198303222656,0.2116546846372282,0.09265912217753274,0.08742208033800125,0.0,1.0561884429966166,left_ankle_roll_joint,1,0,0
left03_0045,mujoco,0.0,0.30000001192092896,0.0,False,,12.0,0.07887183874845505,0.19407252967357635,0.11379363387823105,-0.017709016799926758,3.574169036984771,185.36643981933594,0.16485127435517188,0.09034335071390326,0.07905218005180359,0.0,1.2963753902443809,left_ankle_roll_joint,0,0,0
left03_0046,mujoco,0.0,0.30000001192092896,0.0,False,,12.0,0.06605484336614609,0.20468944311141968,0.10971453785896301,-0.022675907239317894,,176.0062255859375,0.12827302991578426,0.09091588854789734,0.081723153591156,0.0,1.2361880586168854,left_ankle_roll_joint,1,0,0
left03_0047,mujoco,0.0,0.30000001192092896,0.0,False,,12.0,0.06418037414550781,0.17218971252441406,0.10682149231433868,-0.012044982984662056,4.12146454515314,254.91586303710938,0.6220694086121963,0.076937834918499,0.07140246033668518,0.0,1.0,left_ankle_roll_joint,1,0,0
left03_0048,mujoco,0.0,0.30000001192092896,0.0,False,,12.0,0.05658390372991562,0.2026771754026413,0.12597712874412537,-0.03653965890407562,,219.86659240722656,0.17060562648173738,0.09122642732801892,0.08627966046333313,0.0,1.0,left_ankle_roll_joint,1,0,0
left03_0049,mujoco,0.0,0.30000001192092896,0.0,False,,12.0,0.0767793357372284,0.18980057537555695,0.10486070066690445,-0.04314747452735901,3.535227616281407,220.27310180664062,0.35272979867267845,0.08485986008530572,0.08106772601604462,0.0,1.0,left_ankle_roll_joint,1,0,0
mixed_a_0000,mujoco,0.5,0.20000000298023224,0.30000001192092896,False,,12.0,0.10386916995048523,0.16319668292999268,0.10633014142513275,0.41201722621917725,0.5527733195592481,207.689453125,0.09832771632072937,0.08744311061772433,0.08477851003408432,0.0,1.2474170167944765,left_ankle_roll_joint,1,0,0
mixed_a_0001,mujoco,0.5,0.20000000298023224,0.30000001192092896,False,,12.0,0.11253394931554794,0.15565341711044312,0.12793609499931335,0.5502434968948364,0.48919239712355367,293.3453674316406,0.2619942601086919,0.07748653190700631,0.07032094895839691,0.009181969949916527,1.2630617336455097,left_ankle_roll_joint,0,0,0
mixed_a_0002,mujoco,0.5,0.20000000298023224,0.30000001192092896,False,,12.0,0.09053491801023483,0.14326193928718567,0.10175122320652008,0.4843611717224121,0.5353984026411355,274.3851623535156,0.259322035570685,0.08261315253647891,0.07300084084272385,0.008347245409015025,1.1557028765308692,left_ankle_roll_joint,1,0,0
mixed_a_0003,mujoco,0.5,0.20000000298023224,0.30000001192092896,False,,12.0,0.10790881514549255,0.16984160244464874,0.12183231115341187,0.4401898682117462,0.5653789717256408,273.244140625,0.22434447645898525,0.08435919305140321,0.07898730784654617,0.0,1.1291956782454529,left_ankle_roll_joint,1,0,0
mixed_a_0004,mujoco,0.5,0.20000000298023224,0.30000001192092896,False,,12.0,0.11951223015785217,0.17568553984165192,0.12563499808311462,0.43388381600379944,0.5673523259140755,255.60775756835938,0.29938973356746734,0.08399204164743423,0.07747579365968704,0.004173622704507512,1.088819268270953,left_ankle_roll_joint,1,0,0
mixed_a_0005,mujoco,0.5,0.20000000298023224,0.30000001192092896,False,,12.0,0.11693271994590759,0.16909755766391754,0.12212282419204712,0.42662307620048523,0.5640169302298381,237.41661071777344,0.13327598785615774,0.09339008886705745,0.09128845483064651,0.0,1.1128461282553919,left_ankle_roll_joint,1,0,0
mixed_a_0006,mujoco,0.5,0.20000000298023224,0.30000001192092896,False,,12.0,0.09021493047475815,0.13650377094745636,0.13479848206043243,0.45227858424186707,0.6099078136410303,314.4437561035156,0.3971115979635533,0.07972751320763068,0.07133117318153381,0.004173622704507512,1.0,left_ankle_roll_joint,1,0,0
mixed_a_0007,mujoco,0.5,0.20000000298023224,0.30000001192092896,False,,12.0,0.08829522877931595,0.1535874903202057,0.11033670604228973,0.4328155815601349,0.5937243156845801,282.03045654296875,0.34526948241711897,0.08707265894521367,0.08043409138917923,0.0,1.1446254098684556,left_ankle_roll_joint,1,0,0
mixed_a_0008,mujoco,0.5,0.20000000298023224,0.30000001192092896,False,,12.0,0.09864530712366104,0.1692785769701004,0.11118444055318832,0.44760385155677795,0.5177817442308918,224.23939514160156,0.06161318103225847,0.08667331256649712,0.08331575244665146,0.005008347245409015,1.14156499230883,left_ankle_roll_joint,1,0,0
mixed_a_0009,mujoco,0.5,0.20000000298023224,0.30000001192092896,False,,12.0,0.08109328895807266,0.14243832230567932,0.14580927789211273,0.4428975284099579,0.6288286455416315,302.4705505371094,0.39721512464207537,0.0791868610041482,0.07238394767045975,0.0,1.0,left_ankle_roll_joint,1,0,0
mixed_a_0010,mujoco,0.5,0.20000000298023224,0.30000001192092896,False,,12.0,0.07702373713254929,0.16965658962726593,0.11554720252752304,0.46807295083999634,0.5210297934555989,250.79629516601562,0.18342763513531765,0.08381858468055725,0.07847867906093597,0.004173622704507512,1.1897042727918412,left_ankle_roll_joint,1,0,0
mixed_a_0011,mujoco,0.5,0.20000000298023224,0.30000001192092896,False,,12.0,0.08533570915460587,0.16187851130962372,0.11603456735610962,0.471601277589798,0.5207658708858584,259.83349609375,0.16626208716087862,0.08455943417820064,0.07508345693349838,0.0,1.1838854218963224,left_ankle_roll_joint,1,0,0
mixed_a_0012,mujoco,0.5,0.20000000298023224,0.30000001192092896,False,,12.0,0.12596698105335236,0.14437416195869446,0.12766948342323303,0.5795343518257141,0.4887380658926165,314.2807312011719,0.2918124980058735,0.07926364243030548,0.07022002339363098,0.0,1.1390939487589355,left_ankle_roll_joint,1,0,0
mixed_a_0013,mujoco,0.5,0.20000000298023224,0.30000001192092896,False,,12.0,0.08422024548053741,0.1618090122938156,0.11986511200666428,0.4577518403530121,0.5257234551761462,247.3378143310547,0.20320958546983975,0.08332179486751556,0.07409527897834778,0.0,1.147838217735495,left_ankle_roll_joint,1,0,0
mixed_a_0014,mujoco,0.5,0.20000000298023224,0.30000001192092896,False,,12.0,0.0879998654127121,0.14519381523132324,0.12865705788135529,0.500139057636261,0.5250862465587808,299.18707275390625,0.2889964433423532,0.07638339059693473,0.07011783868074417,0.0,1.2122401367876559,left_ankle_roll_joint,1,0,0
mixed_a_0015,mujoco,0.5,0.20000000298023224,0.30000001192092896,False,,12.0,0.11629326641559601,0.1697910726070404,0.1302654892206192,0.45973116159439087,0.5137216592719439,226.9322967529297,0.1270133647373105,0.08955987881530415,0.080330990254879,0.0,1.0777931766983306,left_ankle_roll_joint,1,0,0
mixed_a_0016,mujoco,0.5,0.20000000298023224,0.30000001192092896,False,,12.0,0.07223325222730637,0.1635461151599884,0.10315143316984177,0.4666823446750641,0.4921233264280904,218.43557739257812,0.04192036182014616,0.08642538196661255,0.08190810680389404,0.0,1.222722020779987,left_ankle_roll_joint,1,0,0
mixed_a_0017,mujoco,0.5,0.20000000298023224,0.30000001192092896,False,,12.0,0.127883180975914,0.14540286362171173,0.132811039686203,0.5814695954322815,0.4713506849926924,324.8072509765625,0.20940429879713904,0.07941429366668065,0.0701914131641388,0.012520868113522538,1.2012879714861522,left_ankle_roll_joint,1,0,0
mixed_a_0018,mujoco,0.5,0.20000000298023224,0.30000001192092896,False,,12.0,0.08153202384710312,0.15692879259586334,0.11142856627702713,0.448728084564209,0.5414233076155605,231.6962432861328,0.18660915524006813,0.08436305448412895,0.07741079479455948,0.0,1.161717872104262,left_ankle_roll_joint,1,0,0
mixed_a_0019,mujoco,0.5,0.20000000298023224,0.30000001192092896,False,,12.0,0.08297047019004822,0.16017666459083557,0.10770992189645767,0.4670865833759308,0.5069435276256414,257.4525146484375,0.03077934474477059,0.08612518080256203,0.08361513167619705,0.0,1.1171197098334282,left_ankle_roll_joint,1,0,0
mixed_a_0020,mujoco,0.5,0.20000000298023224,0.30000001192092896,False,,12.0,0.08000514656305313,0.14877936244010925,0.10200467705726624,0.47045397758483887,0.5199312489683031,260.9254150390625,0.11777777556678773,0.08672610060735182,0.08073791116476059,0.0,1.043061265551611,left_ankle_roll_joint,2,0,0
mixed_a_0021,mujoco,0.5,0.20000000298023224,0.30000001192092896,False,,12.0,0.10197968780994415,0.150967538356781,0.10686536133289337,0.4498385190963745,0.5450316739893126,243.68252563476562,0.2695410803817365,0.08295924589037895,0.07674656808376312,0.0,1.178094976297496,left_ankle_roll_joint,1,0,0
mixed_a_0022,mujoco,0.5,0.20000000298023224,0.30000001192092896,False,,12.0,0.10900680720806122,0.16368816792964935,0.12170364707708359,0.4077630043029785,0.616744995814179,268.373046875,0.20008303483376438,0.0841729732399637,0.08023381978273392,0.0,1.0598257679061187,left_ankle_roll_joint,1,0,0
mixed_a_0023,mujoco,0.5,0.20000000298023224,0.30000001192092896,False,,12.0,0.10384836792945862,0.15131394565105438,0.136678546667099,0.4241064190864563,0.620611838839465,285.4870300292969,0.28575328345116163,0.07843734120780771,0.07454071938991547,0.004173622704507512,1.0820579012260576,left_ankle_roll_joint,1,0,0
mixed_a_0024,mujoco,0.5,0.20000000298023224,0.30000001192092896,False,,12.0,0.08562168478965759,0.14843903481960297,0.09770487248897552,0.4541604816913605,0.5256400094623206,229.58843994140625,0.17165501944462994,0.08701986853371967,0.07998978346586227,0.004173622704507512,1.1100310955556878,left_ankle_roll_joint,1,0,0
mixed_a_0025,mujoco,0.5,0.20000000298023224,0.30000001192092896,False,,12.0,0.08533310145139694,0.1404009312391281,0.1428544819355011,0.46437299251556396,0.5877570290523896,313.81561279296875,0.26967460727569803,0.07920243354006247,0.0728549212217331,0.004173622704507512,1.1257756123034652,left_ankle_roll_joint,1,0,0
mixed_a_0026,mujoco,0.5,0.20000000298023224,0.30000001192092896,False,,12.0,0.11008616536855698,0.16899992525577545,0.10452041029930115,0.4084286093711853,0.5907589159296077,243.27687072753906,0.132970793694155,0.09109182892875238,0.08272555470466614,0.004173622704507512,1.2528092075818318,left_ankle_roll_joint,0,0,0
mixed_a_0027,mujoco,0.5,0.20000000298023224,0.30000001192092896,False,,12.0,0.09073091298341751,0.16510726511478424,0.09700848162174225,0.4370877146720886,0.5312652119534371,221.8802032470703,0.03519390788699506,0.09681676632978699,0.09430675208568573,0.0,1.097875974239774,left_ankle_roll_joint,1,0,0
mixed_a_0028,mujoco,0.5,0.20000000298023224,0.30000001192092896,False,,12.0,0.09610620141029358,0.1559460461139679,0.10756615549325943,0.46563270688056946,0.5041289121338033,247.74606323242188,0.06007126898618151,0.08356828784400766,0.07514530420303345,0.0,1.0980264252819512,left_ankle_roll_joint,1,0,0
mixed_a_0029,mujoco,0.5,0.20000000298023224,0.30000001192092896,False,,12.0,0.08413344621658325,0.1466466635465622,0.10044834017753601,0.47492164373397827,0.5244048712131234,243.40245056152344,0.1419311264275152,0.08618299053473906,0.07941319048404694,0.004173622704507512,1.2634975173300094,left_ankle_roll_joint,0,0,0
mixed_a_0030,mujoco,0.5,0.20000000298023224,0.30000001192092896,False,,12.0,0.09818066656589508,0.14567695558071136,0.13930591940879822,0.5216235518455505,0.5147175930421467,315.9803466796875,0.2975435800877334,0.0775119386613369,0.07021168619394302,0.004173622704507512,1.0378686550421485,left_ankle_roll_joint,1,0,0
mixed_a_0031,mujoco,0.5,0.20000000298023224,0.30000001192092896,False,,12.0,0.10124235600233078,0.14425945281982422,0.11318567395210266,0.4508528411388397,0.573562005851429,262.7911376953125,0.3325316033113286,0.08203770558942448,0.07605967670679092,0.0,1.0,left_ankle_roll_joint,1,0,0
mixed_a_0032,mujoco,0.5,0.20000000298023224,0.30000001192092896,False,,12.0,0.10796011984348297,0.16417691111564636,0.09090541303157806,0.4183845818042755,0.5308247238579572,206.03846740722656,0.10219441087745423,0.09614809839562936,0.09195228666067123,0.0,1.156223745184772,left_ankle_roll_joint,1,0,0
mixed_a_0033,mujoco,0.5,0.20000000298023224,0.30000001192092896,False,,12.0,0.11188821494579315,0.17338481545448303,0.1286608874797821,0.44864320755004883,0.5466806970504553,237.26425170898438,0.25318650351201333,0.08662063459103758,0.0729866549372673,0.0,1.1556528618253825,left_ankle_roll_joint,1,0,0
mixed_a_0034,mujoco,0.5,0.20000000298023224,0.30000001192092896,False,,12.0,0.1309433877468109,0.16544209420681,0.12501494586467743,0.40864479541778564,0.6099377550460994,241.22447204589844,0.2028720732635495,0.08975255586530852,0.07022213935852051,0.0,1.226786440911164,left_ankle_roll_joint,1,0,0
mixed_a_0035,mujoco,0.5,0.20000000298023224,0.30000001192092896,False,,12.0,0.08486206829547882,0.15205249190330505,0.09022247046232224,0.44944697618484497,0.5328071333221728,235.200439453125,0.03524487123028893,0.09349397019199703,0.07430848479270935,0.005008347245409015,1.0716078532687343,left_ankle_roll_joint,1,0,0
mixed_a_0036,mujoco,0.5,0.20000000298023224,0.30000001192092896,False,,12.0,0.1243673712015152,0.18183070421218872,0.09775417298078537,0.38932958245277405,0.6178504744828828,231.5677032470703,0.029193134223102785,0.09511019548644191,0.07888191938400269,0.0,1.2496730547192783,left_ankle_roll_joint,1,0,0
mixed_a_0037,mujoco,0.5,0.20000000298023224,0.30000001192092896,False,,12.0,0.09609434008598328,0.14487867057323456,0.10483165830373764,0.48701417446136475,0.5024715369793855,257.1849060058594,0.0970781151563041,0.07709069719368761,0.07244657725095749,0.004173622704507512,1.3778497588160226,left_ankle_roll_joint,0,0,0
mixed_a_0038,mujoco,0.5,0.20000000298023224,0.30000001192092896,False,,12.0,0.09790387004613876,0.1525365710258484,0.11146386712789536,0.4220023453235626,0.591507029015385,277.931396484375,0.20840067989562924,0.08588432351296599,0.07930482178926468,0.0,1.1483582241240036,left_ankle_roll_joint,1,0,0
mixed_a_0039,mujoco,0.5,0.20000000298023224,0.30000001192092896,False,,12.0,0.09768456220626831,0.1467544585466385,0.10367148369550705,0.46897682547569275,0.5445148415926582,286.0180358886719,0.23881073739014727,0.08780437578325687,0.0706896260380745,0.004173622704507512,1.1064096554231282,left_ankle_roll_joint,1,0,0
mixed_a_0040,mujoco,0.5,0.20000000298023224,0.30000001192092896,False,,12.0,0.1043008342385292,0.14843566715717316,0.12720833718776703,0.41654518246650696,0.6346211362406329,306.43084716796875,0.30791160415581764,0.08710506592284549,0.08084279298782349,0.008347245409015025,1.1798990825247613,left_ankle_roll_joint,1,0,0
mixed_a_0041,mujoco,0.5,0.20000000298023224,0.30000001192092896,False,,12.0,0.09499174356460571,0.1426110863685608,0.14181926846504211,0.49221473932266235,0.56235787729732,308.9374084472656,0.37022189349823276,0.08131177035661843,0.0701945349574089,0.004173622704507512,1.0382251718962403,left_ankle_roll_joint,1,0,0
mixed_a_0042,mujoco,0.5,0.20000000298023224,0.30000001192092896,False,,12.0,0.09566553682088852,0.14798960089683533,0.12950247526168823,0.4802563488483429,0.5474060193604312,294.8042297363281,0.3046711659855296,0.07731187989314398,0.07004885375499725,0.0,1.2191473059591849,left_ankle_roll_joint,1,0,0
mixed_a_0043,mujoco,0.5,0.20000000298023224,0.30000001192092896,False,,12.0,0.10230275243520737,0.16963307559490204,0.11704233288764954,0.4667922556400299,0.5072907353910587,237.9143524169922,0.07350683550009672,0.08726922219449823,0.08313362300395966,0.0,1.137222164460448,left_ankle_roll_joint,1,0,0
mixed_a_0044,mujoco,0.5,0.20000000298023224,0.30000001192092896,False,,12.0,0.12032406032085419,0.16386759281158447,0.09598275274038315,0.40166521072387695,0.5803446783698077,211.34974670410156,0.007841507934980493,0.09516284343871204,0.08952349424362183,0.0,1.2344980766301081,left_ankle_roll_joint,1,0,0
mixed_a_0045,mujoco,0.5,0.20000000298023224,0.30000001192092896,False,,12.0,0.1379496455192566,0.16644662618637085,0.09726682305335999,0.3849192261695862,0.5969688465157899,206.53199768066406,0.06408039533329694,0.09676345336166295,0.09252682328224182,0.0,1.1439007581379612,left_ankle_roll_joint,1,0,0
mixed_a_0046,mujoco,0.5,0.20000000298023224,0.30000001192092896,False,,12.0,0.07215207070112228,0.15481317043304443,0.1291162073612213,0.46102994680404663,0.5698598522526594,297.1776123046875,0.14634499422660419,0.08102327844370967,0.07120265066623688,0.0,1.2485020450453719,left_ankle_roll_joint,1,0,0
mixed_a_0047,mujoco,0.5,0.20000000298023224,0.30000001192092896,False,,12.0,0.13169661164283752,0.17152392864227295,0.14537574350833893,0.41173693537712097,0.6314055946515399,270.7921142578125,0.36072834750378396,0.08708208291368051,0.07330299913883209,0.0,1.1052474137749908,left_ankle_roll_joint,1,0,0
mixed_a_0048,mujoco,0.5,0.20000000298023224,0.30000001192092896,False,,12.0,0.08638819307088852,0.1677183210849762,0.0919623151421547,0.43864428997039795,0.5250578694086376,226.71409606933594,0.01673356743918265,0.09076060083779422,0.08641572296619415,0.0,1.1733757784451107,left_ankle_roll_joint,1,0,0
mixed_a_0049,mujoco,0.5,0.20000000298023224,0.30000001192092896,False,,12.0,0.08257990330457687,0.16640503704547882,0.09708774834871292,0.4565739631652832,0.5071234848904803,224.29502868652344,0.04309667588572864,0.08913618597117337,0.08335602283477783,0.004173622704507512,1.2166660375245133,left_ankle_roll_joint,1,0,0
mixed_b_0000,mujoco,0.800000011920929,-0.20000000298023224,-0.30000001192092896,False,,12.0,0.1756405532360077,0.18548914790153503,0.12105024605989456,0.6427517533302307,0.44293737392458193,273.52142333984375,0.16358494235021298,0.09296360126008159,0.08375021815299988,0.0,1.1766815563793287,right_ankle_roll_joint,1,0,0
mixed_b_0001,mujoco,0.800000011920929,-0.20000000298023224,-0.30000001192092896,False,,12.0,0.17313504219055176,0.1962088644504547,0.12332426756620407,0.6571589708328247,0.47137506865155426,304.20770263671875,0.1540456643183737,0.09008481936610263,0.08486100286245346,0.0,1.0,left_ankle_roll_joint,1,0,0
mixed_b_0002,mujoco,0.800000011920929,-0.20000000298023224,-0.30000001192092896,False,,12.0,0.1740839183330536,0.2185475081205368,0.13161702454090118,0.6433379054069519,0.481631870796645,314.9873352050781,0.17776580139419065,0.09158572846132776,0.08612920343875885,0.0,1.2841430543121912,right_ankle_roll_joint,0,0,0
mixed_b_0003,mujoco,0.800000011920929,-0.20000000298023224,-0.30000001192092896,False,,12.0,0.1919121891260147,0.19824209809303284,0.11547087132930756,0.6284803748130798,0.48163028909690114,304.5718078613281,0.257844838251265,0.08922656010026517,0.08318690955638885,0.0,1.4282331165161246,right_ankle_roll_joint,0,0,0
mixed_b_0004,mujoco,0.800000011920929,-0.20000000298023224,-0.30000001192092896,False,,12.0,0.14784231781959534,0.14770860970020294,0.17833255231380463,0.6769368052482605,0.5321045083207574,422.06396484375,0.4951749267279902,0.07862808148969304,0.07168418914079666,0.008347245409015025,1.0,right_ankle_roll_joint,1,0,0
mixed_b_0005,mujoco,0.800000011920929,-0.20000000298023224,-0.30000001192092896,False,,12.0,0.18813902139663696,0.1952463537454605,0.11416987329721451,0.6275113821029663,0.49911110419067717,329.1865234375,0.27916203970888354,0.08655252340047256,0.08345629274845123,0.0,1.6375861537979406,left_ankle_roll_joint,0,0,0
mixed_b_0006,mujoco,0.800000011920929,-0.20000000298023224,-0.30000001192092896,False,,12.0,0.14557941257953644,0.2125937044620514,0.1253187358379364,0.6798092126846313,0.450986490163816,314.22222900390625,0.2823463395643089,0.08944172023431114,0.08205483108758926,0.0,1.1572010764004153,left_ankle_roll_joint,1,0,0
mixed_b_0007,mujoco,0.800000011920929,-0.20000000298023224,-0.30000001192092896,False,,12.0,0.2039394974708557,0.19626758992671967,0.11392086744308472,0.6066911220550537,0.5089038759278177,326.4609680175781,0.22953297925206853,0.08903235261854918,0.08422426879405975,0.0,1.185148124301367,right_ankle_roll_joint,1,0,0
mixed_b_0008,mujoco,0.800000011920929,-0.20000000298023224,-0.30000001192092896,False,,12.0,0.15648585557937622,0.2282317727804184,0.13776364922523499,0.6659402847290039,0.47232306303806426,337.106201171875,0.15165578185603912,0.08967324378697769,0.08387380093336105,0.004173622704507512,1.1761870402294488,left_ankle_roll_joint,1,0,0
mixed_b_0009,mujoco,0.800000011920929,-0.20000000298023224,-0.30000001192092896,False,,12.0,0.16496334969997406,0.16569434106349945,0.14487634599208832,0.653948187828064,0.5206131782622088,393.8846435546875,0.3626570529935298,0.08246267392583516,0.07589664310216904,0.0,1.0485413981338616,right_ankle_roll_joint,1,0,0
mixed_b_0010,mujoco,0.800000011920929,-0.20000000298023224,-0.30000001192092896,False,,12.0,0.15015621483325958,0.24449658393859863,0.14457137882709503,0.6833512187004089,0.4366860156479787,270.5538024902344,0.21074314937288252,0.08647856083901032,0.07460103929042816,0.005008347245409015,1.4693025599462821,right_ankle_roll_joint,0,0,0
mixed_b_0011,mujoco,0.800000011920929,-0.20000000298023224,-0.30000001192092896,False,,12.0,0.14374195039272308,0.18106423318386078,0.1267668902873993,0.6896069049835205,0.468918274946427,376.1028137207031,0.2083512161040622,0.08642983307009158,0.0820900946855545,0.004173622704507512,1.0473980961011247,left_ankle_roll_joint,2,0,0
mixed_b_0012,mujoco,0.800000011920929,-0.20000000298023224,-0.30000001192092896,False,,12.0,0.22748658061027527,0.22468462586402893,0.1344505101442337,0.5869523286819458,0.5043546119478294,292.4857482910156,0.23734661957830383,0.08794561870720076,0.08222116529941559,0.0,1.5499712348554322,left_ankle_roll_joint,0,0,0
mixed_b_0013,mujoco,0.800000011920929,-0.20000000298023224,-0.30000001192092896,False,,12.0,0.1643064320087433,0.219838485121727,0.12207028269767761,0.654579222202301,0.4785696263374367,319.7777404785156,0.19984642318260246,0.09023679306973582,0.08542504161596298,0.0,1.3966331925213549,right_ankle_roll_joint,0,0,0
mixed_b_0014,mujoco,0.800000011920929,-0.20000000298023224,-0.30000001192092896,False,,12.0,0.19297592341899872,0.1783866286277771,0.12469135224819183,0.6219168305397034,0.4713737755492597,268.0815124511719,0.17185680175917328,0.09706083069676938,0.08876653760671616,0.0,1.227005408729935,right_ankle_roll_joint,1,0,0
mixed_b_0015,mujoco,0.800000011920929,-0.20000000298023224,-0.30000001192092896,False,,12.0,0.1717301607131958,0.16339369118213654,0.13029900193214417,0.6513978242874146,0.5111910549473019,342.67999267578125,0.36113328227242414,0.08287231753701749,0.07724656164646149,0.0,1.1951617977152427,right_ankle_roll_joint,1,0,0
mixed_b_0016,mujoco,0.800000011920929,-0.20000000298023224,-0.30000001192092896,False,,12.0,0.14418873190879822,0.19810394942760468,0.12417703866958618,0.6910271048545837,0.4547295716028424,343.22235107421875,0.27318031964314776,0.08415441636158072,0.0755205750465393,0.0,1.0619012322157517,right_ankle_roll_joint,1,0,0
mixed_b_0017,mujoco,0.800000011920929,-0.20000000298023224,-0.30000001192092896,False,,12.0,0.22849974036216736,0.20064064860343933,0.12481804192066193,0.5889005064964294,0.4893669980981112,267.1793212890625,0.19801189467861371,0.09122309995734174,0.08589327335357666,0.0,1.4705800130615252,right_ankle_roll_joint,0,0,0
mixed_b_0018,mujoco,0.800000011920929,-0.20000000298023224,-0.30000001192092896,False,,12.0,0.1875642091035843,0.2071177363395691,0.11783435195684433,0.6345638036727905,0.4666139530572972,277.8725280761719,0.2657666140305343,0.0883021108482195,0.08339077234268188,0.0,1.2835264597010063,right_ankle_roll_joint,0,0,0
mixed_b_0019,mujoco,0.800000011920929,-0.20000000298023224,-0.30000001192092896,False,,12.0,0.1633339524269104,0.19172292947769165,0.12008386850357056,0.6566326022148132,0.44683428480114395,274.7056884765625,0.18544254481926073,0.09002095622860867,0.08214855939149857,0.0,1.17208185996934,right_ankle_roll_joint,1,0,0
mixed_b_0020,mujoco,0.800000011920929,-0.20000000298023224,-0.30000001192092896,False,,12.0,0.17732495069503784,0.22701585292816162,0.13157913088798523,0.647717297077179,0.47773588169837466,308.9084777832031,0.26036076014910486,0.08831847718228465,0.08072993904352188,0.005008347245409015,1.3795215689700266,right_ankle_roll_joint,0,0,0
mixed_b_0021,mujoco,0.800000011920929,-0.20000000298023224,-0.30000001192092896,False,,12.0,0.2256658673286438,0.2053125500679016,0.12097335606813431,0.5967667698860168,0.5005264152302605,297.4596862792969,0.22444680062061362,0.08684256705253021,0.08265557140111923,0.0,1.7806306558732778,left_ankle_roll_joint,0,0,0
mixed_b_0022,mujoco,0.800000011920929,-0.20000000298023224,-0.30000001192092896,False,,12.0,0.12332495301961899,0.18153108656406403,0.128426194190979,0.715138852596283,0.46315876870636535,374.66119384765625,0.14640735165122043,0.08691044929234878,0.08456027507781982,0.0,1.0,right_ankle_roll_joint,2,0,0
mixed_b_0023,mujoco,0.800000011920929,-0.20000000298023224,-0.30000001192092896,False,,12.0,0.18086186051368713,0.17569518089294434,0.14145532250404358,0.634456217288971,0.4641314963690707,277.78692626953125,0.10790249082534231,0.09948749224776807,0.09485495090484619,0.0,1.3194296651722743,right_ankle_roll_joint,0,0,0
mixed_b_0024,mujoco,0.800000011920929,-0.20000000298023224,-0.30000001192092896,False,,12.0,0.17441719770431519,0.2072031944990158,0.1116778776049614,0.6526937484741211,0.4669048669431549,294.0628662109375,0.2601174898401683,0.0870928437165592,0.08499516546726227,0.0,1.2515748488570813,left_ankle_roll_joint,0,0,0
mixed_b_0025,mujoco,0.800000011920929,-0.20000000298023224,-0.30000001192092896,False,,12.0,0.11017104983329773,0.22482766211032867,0.16765056550502777,0.7388339042663574,0.46243404290394863,406.8341369628906,0.22498333946192886,0.08262863172137219,0.07566066086292267,0.012520868113522538,1.0424321136088124,right_ankle_roll_joint,2,0,0
mixed_b_0026,mujoco,0.800000011920929,-0.20000000298023224,-0.30000001192092896,False,,12.0,0.12802359461784363,0.2140726000070572,0.151579812169075,0.7088083624839783,0.4558740316013885,350.2212219238281,0.31786841353411277,0.08253868280545525,0.07485666126012802,0.012520868113522538,1.1733026035247476,right_ankle_roll_joint,1,0,0
mixed_b_0027,mujoco,0.800000011920929,-0.20000000298023224,-0.30000001192092896,False,,12.0,0.15895244479179382,0.2023172527551651,0.11851321905851364,0.6659102439880371,0.47993474496621275,360.1050109863281,0.34597713080800235,0.084874394795169,0.07932134717702866,0.0,1.1908056705118455,right_ankle_roll_joint,1,0,0
mixed_b_0028,mujoco,0.800000011920929,-0.20000000298023224,-0.30000001192092896,False,,12.0,0.182614266872406,0.1822536587715149,0.11052007973194122,0.6357754468917847,0.45973862968974577,294.99664306640625,0.17407939584385082,0.09257631295401117,0.08348602801561356,0.0,1.1406784048006335,right_ankle_roll_joint,1,0,0
mixed_b_0029,mujoco,0.800000011920929,-0.20000000298023224,-0.30000001192092896,False,,12.0,0.1285577118396759,0.24838334321975708,0.16238555312156677,0.7179773449897766,0.48061106928405767,368.76025390625,0.2170414560782205,0.08411316742951219,0.07418114691972733,0.0,1.1111994998110162,left_ankle_roll_joint,1,0,0
mixed_b_0030,mujoco,0.800000011920929,-0.20000000298023224,-0.30000001192092896,False,,12.0,0.17496129870414734,0.21359233558177948,0.1287066787481308,0.6479439735412598,0.5023789920403905,350.1237487792969,0.1772617202480518,0.0883803639722907,0.0803309977054596,0.0,1.154326124959819,left_ankle_roll_joint,1,0,0
mixed_b_0031,mujoco,0.800000011920929,-0.20000000298023224,-0.30000001192092896,False,,12.0,0.1942671835422516,0.2191380113363266,0.13189513981342316,0.6238497495651245,0.45759359007097,262.80743408203125,0.13524346274409552,0.0915975324485613,0.08045600354671478,0.004173622704507512,1.4201259082526563,right_ankle_roll_joint,0,0,0
mixed_b_0032,mujoco,0.800000011920929,-0.20000000298023224,-0.30000001192092896,False,,12.0,0.1991644948720932,0.18815061450004578,0.10582967102527618,0.6215583086013794,0.48629262641013826,290.66650390625,0.2066567388982649,0.0925944518783818,0.0898946076631546,0.0,1.4736859660640647,right_ankle_roll_joint,0,0,0
mixed_b_0033,mujoco,0.800000011920929,-0.20000000298023224,-0.30000001192092896,False,,12.0,0.1328297257423401,0.15486447513103485,0.1839442253112793,0.7202487587928772,0.509015332563208,433.1662902832031,0.5022911012389362,0.07944064079360529,0.07131054997444153,0.037562604340567615,1.0,right_ankle_roll_joint,1,0,0
mixed_b_0034,mujoco,0.800000011920929,-0.20000000298023224,-0.30000001192092896,False,,12.0,0.16771210730075836,0.1662594974040985,0.23635368049144745,0.6648979187011719,0.5602054247073589,428.2539978027344,0.4100037743532149,0.07895248610040416,0.07236392050981522,0.004173622704507512,1.1247479020350688,right_ankle_roll_joint,1,0,0
mixed_b_0035,mujoco,0.800000011920929,-0.20000000298023224,-0.30000001192092896,False,,12.0,0.12688644230365753,0.19938597083091736,0.13104131817817688,0.707643985748291,0.45214247833518234,317.0430603027344,0.26074219550893674,0.08371341422848079,0.07323937118053436,0.004173622704507512,1.1955182658758488,right_ankle_roll_joint,1,0,0
mixed_b_0036,mujoco,0.800000011920929,-0.20000000298023224,-0.30000001192092896,False,,12.0,0.17749066650867462,0.20279806852340698,0.12017044425010681,0.6503746509552002,0.4849415428591518,311.1869201660156,0.2506612305194683,0.08375964313745499,0.07841669768095016,0.0,1.3455218094752601,right_ankle_roll_joint,0,0,0
mixed_b_0037,mujoco,0.800000011920929,-0.20000000298023224,-0.30000001192092896,False,,12.0,0.13510023057460785,0.2104608416557312,0.13721410930156708,0.7132983207702637,0.461832959205317,319.8238830566406,0.20790739499483332,0.08399171868096227,0.07703498005867004,0.004173622704507512,1.1631358042603737,left_ankle_roll_joint,1,0,0
mixed_b_0038,mujoco,0.800000011920929,-0.20000000298023224,-0.30000001192092896,False,,12.0,0.17201104760169983,0.22089803218841553,0.11853333562612534,0.6491196751594543,0.45857637240710514,274.2608337402344,0.22285369711154057,0.08390819086976674,0.08075573295354843,0.004173622704507512,1.7751918456458555,left_ankle_pitch_joint,0,0,0
mixed_b_0039,mujoco,0.800000011920929,-0.20000000298023224,-0.30000001192092896,False,,12.0,0.15330387651920319,0.19083799421787262,0.12980084121227264,0.6701697707176208,0.448451686609649,278.66583251953125,0.19547180858029875,0.0931915951811749,0.08156924694776535,0.0,1.2078450212362584,right_ankle_roll_joint,1,0,0
mixed_b_0040,mujoco,0.800000011920929,-0.20000000298023224,-0.30000001192092896,False,,12.0,0.1556723266839981,0.21527612209320068,0.13971318304538727,0.6723083853721619,0.5015234981449895,376.41552734375,0.23836182663997077,0.08474708154149678,0.07612321525812149,0.0,1.129577635732499,left_ankle_roll_joint,1,0,0
mixed_b_0041,mujoco,0.800000011920929,-0.20000000298023224,-0.30000001192092896,False,,12.0,0.15438173711299896,0.16422688961029053,0.12106163799762726,0.6681873798370361,0.48978266350537375,358.8576354980469,0.29837873847083857,0.0794103200668874,0.07311853021383286,0.0,1.084555178085154,right_ankle_roll_joint,1,0,0
mixed_b_0042,mujoco,0.800000011920929,-0.20000000298023224,-0.30000001192092896,False,,12.0,0.15996916592121124,0.21310603618621826,0.13243871927261353,0.6776056885719299,0.4583922343316124,289.0460205078125,0.13432175509520003,0.09224002484394156,0.08396979421377182,0.0,1.1172673865531033,left_ankle_roll_joint,2,0,0
mixed_b_0043,mujoco,0.800000011920929,-0.20000000298023224,-0.30000001192092896,False,,12.0,0.19280314445495605,0.22275280952453613,0.1233850046992302,0.6226805448532104,0.49127267777789135,307.6833190917969,0.232265548751402,0.08548035505025284,0.08109728246927261,0.0,1.7241986387190058,left_ankle_roll_joint,0,0,0
mixed_b_0044,mujoco,0.800000011920929,-0.20000000298023224,-0.30000001192092896,False,,12.0,0.1390952616930008,0.18721707165241241,0.17479254305362701,0.6941355466842651,0.49332174700754533,365.0527648925781,0.35240643452425585,0.08035180782494337,0.07196038961410522,0.0,1.167734856573353,right_ankle_roll_joint,1,0,0
mixed_b_0045,mujoco,0.800000011920929,-0.20000000298023224,-0.30000001192092896,False,,12.0,0.19304412603378296,0.2160986214876175,0.16099706292152405,0.6265328526496887,0.5283807065220786,380.4858703613281,0.2706044997089858,0.08176898697148198,0.07073941826820374,0.0,1.6077124536017815,left_ankle_pitch_joint,0,0,0
mixed_b_0046,mujoco,0.800000011920929,-0.20000000298023224,-0.30000001192092896,False,,12.0,0.14379292726516724,0.18199855089187622,0.15150779485702515,0.6774947643280029,0.514349256040666,376.73193359375,0.3407122734937296,0.08079935966626457,0.07148460298776627,0.0,1.2206633252936947,right_ankle_roll_joint,1,0,0
mixed_b_0047,mujoco,0.800000011920929,-0.20000000298023224,-0.30000001192092896,False,,12.0,0.09156876802444458,0.18357868492603302,0.19538256525993347,0.7590951323509216,0.4792566165916579,408.0113220214844,0.30865850549177526,0.08059284414934076,0.07209887355566025,0.004173622704507512,1.0,right_ankle_roll_joint,1,0,0
mixed_b_0048,mujoco,0.800000011920929,-0.20000000298023224,-0.30000001192092896,False,,12.0,0.17088410258293152,0.24007688462734222,0.1465737223625183,0.6509439945220947,0.5096289337835043,389.5283203125,0.23712199633546868,0.08540671383557112,0.07415761798620224,0.0,1.1290901381133749,left_ankle_roll_joint,1,0,0
mixed_b_0049,mujoco,0.800000011920929,-0.20000000298023224,-0.30000001192092896,False,,12.0,0.15130019187927246,0.18965817987918854,0.12771007418632507,0.6800031065940857,0.49515158939706927,394.8470764160156,0.26328500697863755,0.08695866491483606,0.08014758676290512,0.0,1.033863026347842,left_ankle_roll_joint,2,0,0
right03_0000,mujoco,0.0,-0.30000001192092896,0.0,False,,12.0,0.04618578031659126,0.166290283203125,0.09222745150327682,0.005586997605860233,,227.59158325195312,0.24106552234250872,0.08042656223882329,0.07428380846977234,0.0,1.2591354251198343,right_ankle_roll_joint,0,0,0
right03_0001,mujoco,0.0,-0.30000001192092896,0.0,False,,12.0,0.11468826234340668,0.1567259281873703,0.10122047364711761,0.06977007538080215,2.913358355970905,236.26797485351562,0.575467589933384,0.0763333158997389,0.07103709876537323,0.0,1.0233461510985105,right_ankle_roll_joint,1,0,0
right03_0002,mujoco,0.0,-0.30000001192092896,0.0,False,,12.0,0.04168932884931564,0.17306162416934967,0.11743691563606262,0.013688034377992153,,169.10130310058594,0.09203252035148984,0.08974749459461732,0.08377674221992493,0.004173622704507512,1.4621805851552132,right_ankle_pitch_joint,0,0,0
right03_0003,mujoco,0.0,-0.30000001192092896,0.0,False,,12.0,0.07017750293016434,0.18148772418498993,0.1312631219625473,-0.014116267673671246,,227.70216369628906,0.08307933175151254,0.09099260006438602,0.08040448278188705,0.0,1.365841255550241,right_ankle_pitch_joint,0,0,0
right03_0004,mujoco,0.0,-0.30000001192092896,0.0,False,,12.0,0.040129270404577255,0.1832648664712906,0.10548632591962814,0.012663185596466064,,188.0254364013672,0.26467971632708526,0.08516400341283191,0.07951848208904266,0.005008347245409015,1.0,right_ankle_roll_joint,1,0,0
right03_0005,mujoco,0.0,-0.30000001192092896,0.0,False,,12.0,0.04183578863739967,0.17143692076206207,0.13065029680728912,0.018657401204109192,,174.6985626220703,0.0780258534391548,0.09002446318450182,0.07446391880512238,0.0,1.5677417174864565,right_ankle_pitch_joint,0,0,0
right03_0006,mujoco,0.0,-0.30000001192092896,0.0,False,,12.0,0.04302246868610382,0.1808653026819229,0.11087042838335037,-0.007085065823048353,,164.7444610595703,0.07487932517223868,0.09036514467813751,0.07292725145816803,0.0,1.408542577753706,right_ankle_roll_joint,0,0,0
right03_0007,mujoco,0.0,-0.30000001192092896,0.0,False,,12.0,0.08786714822053909,0.17504103481769562,0.13558758795261383,0.005725779104977846,3.6978447951774487,188.64544677734375,0.01752814731126702,0.09314015101302754,0.08042684197425842,0.004173622704507512,1.1358154889090268,right_ankle_roll_joint,2,0,0
right03_0008,mujoco,0.0,-0.30000001192092896,0.0,False,,12.0,0.04135308042168617,0.16228598356246948,0.1015089675784111,0.012552828527987003,,231.93177795410156,0.14644183064497854,0.08260015093467453,0.07199233770370483,0.0,1.4057439571244088,right_ankle_roll_joint,0,0,0
right03_0009,mujoco,0.0,-0.30000001192092896,0.0,False,,12.0,0.04546792805194855,0.17044058442115784,0.10487165302038193,-0.014076245948672295,,229.50416564941406,0.17793440380512301,0.0859388414431702,0.07928860932588577,0.0,1.0519315212953961,right_ankle_roll_joint,1,0,0
right03_0010,mujoco,0.0,-0.30000001192092896,0.0,False,,12.0,0.051414232701063156,0.18135997653007507,0.11100685596466064,-0.019974159076809883,,208.82496643066406,0.027401252497084284,0.08875851468606429,0.07980179786682129,0.0,1.7171084973433828,right_hip_roll_joint,0,0,0
right03_0011,mujoco,0.0,-0.30000001192092896,0.0,False,,12.0,0.05069974809885025,0.17468473315238953,0.10587633401155472,-0.02896343544125557,,228.4320831298828,0.19853356340493983,0.07921647449786012,0.07008214294910431,0.0,1.3360346274396313,right_ankle_roll_joint,0,0,0
right03_0012,mujoco,0.0,-0.30000001192092896,0.0,False,,12.0,0.10067784041166306,0.15794417262077332,0.10131607204675674,0.061099179089069366,3.3204398195768436,264.4617614746094,0.5269925015663054,0.0769437388940291,0.07321347296237946,0.0,1.0,right_ankle_roll_joint,1,0,0
right03_0013,mujoco,0.0,-0.30000001192092896,0.0,False,,12.0,0.042177002876996994,0.17708927392959595,0.10091778635978699,-0.013995613902807236,,211.900390625,0.0508670597215428,0.08620590489843617,0.0768796056509018,0.0,1.4877513800725666,right_ankle_roll_joint,0,0,0
right03_0014,mujoco,0.0,-0.30000001192092896,0.0,False,,12.0,0.10425020754337311,0.15776090323925018,0.09998434782028198,0.048821866512298584,3.262357778678246,213.40911865234375,0.35654676087597575,0.08019471947442401,0.07168255746364594,0.0,1.2285795275644675,right_ankle_roll_joint,1,0,0
right03_0015,mujoco,0.0,-0.30000001192092896,0.0,False,,12.0,0.04481169953942299,0.1791430562734604,0.12091059982776642,-0.005044528283178806,,196.64268493652344,0.04138529654468469,0.08920999751849608,0.08217183500528336,0.004173622704507512,1.6606895677927178,right_hip_roll_joint,0,0,0
right03_0016,mujoco,0.0,-0.30000001192092896,0.0,False,,12.0,0.049733731895685196,0.16918614506721497,0.10313195735216141,0.0347016267478466,,213.77891540527344,0.3614734662054488,0.08050508187575774,0.07631610333919525,0.0,1.3763485422351085,right_ankle_roll_joint,0,0,0
right03_0017,mujoco,0.0,-0.30000001192092896,0.0,False,,12.0,0.06443800777196884,0.17221029102802277,0.10561713576316833,-0.02845282107591629,,209.3516387939453,0.1454619794021773,0.08585789054632187,0.07946109026670456,0.0,1.7635570736638582,right_ankle_roll_joint,0,0,0
right03_0018,mujoco,0.0,-0.30000001192092896,0.0,False,,12.0,0.06954789161682129,0.1841517686843872,0.10092462599277496,-0.004341654479503632,,188.2133331298828,0.05533139427534433,0.08895174888047305,0.07676723599433899,0.0,1.2486813483431511,right_ankle_roll_joint,1,0,0
right03_0019,mujoco,0.0,-0.30000001192092896,0.0,False,,12.0,0.10517886281013489,0.15559318661689758,0.124205082654953,0.052261121571063995,3.213884587277409,224.39059448242188,0.2675353684127666,0.0830153375864029,0.07753097265958786,0.0,1.2051355626565692,left_ankle_roll_joint,2,0,0
right03_0020,mujoco,0.0,-0.30000001192092896,0.0,False,,12.0,0.04602103680372238,0.1691228598356247,0.11384841054677963,0.01882414147257805,,173.8551025390625,0.08409881832123947,0.08603594181212512,0.07507006078958511,0.0,1.7691684549223468,right_ankle_roll_joint,0,0,0
right03_0021,mujoco,0.0,-0.30000001192092896,0.0,False,,12.0,0.09809168428182602,0.16462069749832153,0.09453805536031723,0.032528337091207504,,208.63414001464844,0.26418192495014103,0.08219669725407254,0.07772157341241837,0.0,1.0,right_ankle_roll_joint,1,0,0
right03_0022,mujoco,0.0,-0.30000001192092896,0.0,False,,12.0,0.05575558915734291,0.17486025393009186,0.1148720309138298,0.03509499132633209,,194.60577392578125,0.19813306779697576,0.08404516462575305,0.07734072208404541,0.0,1.504134959635396,right_ankle_pitch_joint,0,0,0
right03_0023,mujoco,0.0,-0.30000001192092896,0.0,False,,12.0,0.06043168529868126,0.17817601561546326,0.10415462404489517,0.00679474463686347,,158.62002563476562,0.0918320212495796,0.08393857255578041,0.07766569405794144,0.0,1.3732159744757058,right_ankle_roll_joint,0,0,0
right03_0024,mujoco,0.0,-0.30000001192092896,0.0,False,,12.0,0.06722389161586761,0.15084092319011688,0.13097107410430908,-0.017816293984651566,4.724266490768176,313.92669677734375,0.4262915434425639,0.07206025967995326,0.07113029807806015,0.0,1.0839457271823478,right_ankle_roll_joint,1,0,0
right03_0025,mujoco,0.0,-0.30000001192092896,0.0,False,,12.0,0.0722472220659256,0.15694132447242737,0.09481216967105865,0.00020244120969437063,,254.80686950683594,0.24639527878320744,0.07871841992202558,0.0716809555888176,0.0,1.0409241664524083,right_ankle_roll_joint,1,0,0
right03_0026,mujoco,0.0,-0.30000001192092896,0.0,False,,12.0,0.07110327482223511,0.16300705075263977,0.08769575506448746,0.009231734089553356,,190.4061737060547,0.23801407378946135,0.07805834744464267,0.07018481194972992,0.0,1.2577515742645775,right_ankle_roll_joint,0,0,0
right03_0027,mujoco,0.0,-0.30000001192092896,0.0,False,,12.0,0.06534020602703094,0.17654137313365936,0.11484367400407791,-0.002980151679366827,,172.13082885742188,0.049331048222111165,0.09205241230401126,0.08233626931905746,0.0,1.2527908468427538,right_ankle_roll_joint,0,0,0
right03_0028,mujoco,0.0,-0.30000001192092896,0.0,False,,12.0,0.08285222947597504,0.17030327022075653,0.1265055537223816,0.037444476038217545,,175.458984375,0.019978685026488988,0.09210695099571477,0.07916145771741867,0.0,1.2343045159911188,right_ankle_pitch_joint,1,0,0
right03_0029,mujoco,0.0,-0.30000001192092896,0.0,False,,12.0,0.10772041231393814,0.1696407049894333,0.09871871769428253,0.0623956173658371,2.443936255747226,179.0652618408203,0.20803047292780213,0.07715621164866857,0.07210022211074829,0.0,1.4933386400651543,right_ankle_roll_joint,0,0,0
right03_0030,mujoco,0.0,-0.30000001192092896,0.0,False,,12.0,0.055027659982442856,0.17712900042533875,0.10205252468585968,0.0016408408991992474,,176.0004119873047,0.1450343287044338,0.08698156713084741,0.08211130648851395,0.0,1.484915569161273,right_ankle_pitch_joint,0,0,0
right03_0031,mujoco,0.0,-0.30000001192092896,0.0,False,,12.0,0.04916487634181976,0.17056624591350555,0.11425317078828812,0.0005693604471161962,,197.33656311035156,0.021951017204900686,0.08752544386231381,0.07220857590436935,0.0,1.597304516131784,left_ankle_roll_joint,0,0,0
right03_0032,mujoco,0.0,-0.30000001192092896,0.0,False,,12.0,0.05739201232790947,0.15301664173603058,0.11330513656139374,-0.01953159272670746,,269.7245178222656,0.26406947258472335,0.07956442199647426,0.07110311090946198,0.0,1.0631279536795721,right_ankle_roll_joint,1,0,0
right03_0033,mujoco,0.0,-0.30000001192092896,0.0,False,,12.0,0.04349822178483009,0.17235231399536133,0.1081644594669342,0.0022597729694098234,,184.580078125,0.028321693036389685,0.08770202134143222,0.07468641549348831,0.0,1.7041906344839692,right_ankle_pitch_joint,0,0,0
right03_0034,mujoco,0.0,-0.30000001192092896,0.0,False,,12.0,0.04573134705424309,0.17087644338607788,0.10240757465362549,-0.020636381581425667,,201.37518310546875,0.10216248183470515,0.08601012047041547,0.07199668139219284,0.0,1.4522967894448322,right_ankle_roll_joint,0,0,0
right03_0035,mujoco,0.0,-0.30000001192092896,0.0,False,,12.0,0.048082880675792694,0.15967151522636414,0.10054200142621994,-0.006035094149410725,,232.64581298828125,0.18063238697351908,0.08221566948023709,0.07343947887420654,0.0,1.2140794760527782,right_ankle_roll_joint,1,0,0
right03_0036,mujoco,0.0,-0.30000001192092896,0.0,False,,12.0,0.0452011302113533,0.18003156781196594,0.1253201812505722,0.013303742744028568,,188.0148162841797,0.07303354132795949,0.08965477889234369,0.08324723690748215,0.0,1.4961957859183912,right_ankle_pitch_joint,0,0,0
right03_0037,mujoco,0.0,-0.30000001192092896,0.0,False,,12.0,0.06659897416830063,0.17907854914665222,0.1238885149359703,-0.035958584398031235,,242.2078857421875,0.026020037416297173,0.08811564574187453,0.07514508813619614,0.0,1.5664147571618134,right_ankle_roll_joint,0,0,0
right03_0038,mujoco,0.0,-0.30000001192092896,0.0,False,,12.0,0.0633494183421135,0.15811385214328766,0.09515222162008286,0.02278059907257557,,197.389892578125,0.26480731085157977,0.08162152089855888,0.07277289777994156,0.004173622704507512,1.3531473720388738,right_ankle_roll_joint,0,0,0
right03_0039,mujoco,0.0,-0.30000001192092896,0.0,False,,12.0,0.05070263519883156,0.17501141130924225,0.1081269383430481,-0.03181448578834534,,239.63421630859375,0.12354765510234661,0.08522941713983362,0.07981481403112411,0.0,1.3734234172087632,right_ankle_roll_joint,0,0,0
right03_0040,mujoco,0.0,-0.30000001192092896,0.0,False,,12.0,0.04424814134836197,0.16857272386550903,0.10799947381019592,-0.013922318816184998,,211.93495178222656,0.08843595556617873,0.08549958806146275,0.07987424731254578,0.0,1.5045892025437313,right_ankle_roll_joint,0,0,0
right03_0041,mujoco,0.0,-0.30000001192092896,0.0,False,,12.0,0.06813854724168777,0.1642315685749054,0.10259538888931274,0.040233466774225235,,212.66319274902344,0.2779839670942912,0.0802352824671702,0.07239508628845215,0.0,1.2136282249673322,right_ankle_roll_joint,1,0,0
right03_0042,mujoco,0.0,-0.30000001192092896,0.0,False,,12.0,0.035458680242300034,0.16025234758853912,0.12027429789304733,0.015855681151151657,,235.32875061035156,0.21517660071885747,0.0815882459282875,0.07413284480571747,0.0,1.475142312427831,right_hip_roll_joint,0,0,0
right03_0043,mujoco,0.0,-0.30000001192092896,0.0,False,,12.0,0.047110386192798615,0.18686750531196594,0.1232447400689125,-0.017464926466345787,,204.69921875,0.05982315866592431,0.09258822148496454,0.07360467314720154,0.0,1.762724796263283,right_ankle_roll_joint,0,0,0
right03_0044,mujoco,0.0,-0.30000001192092896,0.0,False,,12.0,0.06527762115001678,0.1637292206287384,0.1111251562833786,-0.037944842129945755,,263.03240966796875,0.21324367742640646,0.07937119230628013,0.07030707597732544,0.0,1.3161410754111957,left_ankle_roll_joint,0,0,0
right03_0045,mujoco,0.0,-0.30000001192092896,0.0,False,,12.0,0.10839919000864029,0.17963333427906036,0.10719136148691177,0.02923998422920704,,165.61643981933594,0.02272530218151559,0.08506709201769395,0.07397705316543579,0.0,1.5099196764633376,right_ankle_pitch_joint,0,0,0
right03_0046,mujoco,0.0,-0.30000001192092896,0.0,False,,12.0,0.04728805646300316,0.18061549961566925,0.09888744354248047,-0.019192500039935112,,183.65130615234375,0.01746607482142974,0.08723617311228406,0.08224408328533173,0.0,1.7486978412443088,right_ankle_roll_joint,0,0,0
right03_0047,mujoco,0.0,-0.30000001192092896,0.0,False,,12.0,0.08209152519702911,0.1732533723115921,0.10985790938138962,0.017171375453472137,,197.2340545654297,0.08482056642694066,0.08536728776314041,0.07885584235191345,0.0,1.0,right_ankle_roll_joint,1,0,0
right03_0048,mujoco,0.0,-0.30000001192092896,0.0,False,,12.0,0.04802319034934044,0.171517014503479,0.12306182086467743,0.03438180312514305,,192.09335327148438,0.11934270739103106,0.08457104794003746,0.07736286520957947,0.0,1.5821123962233632,right_ankle_pitch_joint,0,0,0
right03_0049,mujoco,0.0,-0.30000001192092896,0.0,False,,12.0,0.08683372288942337,0.15326052904129028,0.11273044347763062,0.01395175326615572,,300.2746276855469,0.5072932867790517,0.08682214468717575,0.08682214468717575,0.0,1.0,right_ankle_roll_joint,1,0,0
stand_0000,mujoco,0.0,0.0,0.0,False,,12.0,0.019263215363025665,0.027008598670363426,0.027760278433561325,0.004459488671272993,,10.925403594970703,0.38819889803781055,,,0.0,2.3551387679253275,left_ankle_pitch_joint,0,0,0
stand_0001,mujoco,0.0,0.0,0.0,False,,12.0,0.02695121057331562,0.029681013897061348,0.037259943783283234,0.003318424103781581,,12.991641998291016,0.11199834792772267,,,0.0,1.4058585483903405,right_ankle_pitch_joint,0,0,0
stand_0002,mujoco,0.0,0.0,0.0,False,,12.0,0.01753123477101326,0.029864957556128502,0.035266995429992676,0.0059476918540894985,,15.146836280822754,0.06803191307772416,,,0.0,2.1080636183638,right_ankle_pitch_joint,0,0,0
stand_0003,mujoco,0.0,0.0,0.0,False,,12.0,0.037308912724256516,0.02868948131799698,0.03687623515725136,0.005204209126532078,,23.111719131469727,0.3262041742334808,,,0.0,1.42772607836906,right_ankle_pitch_joint,0,0,0
stand_0004,mujoco,0.0,0.0,0.0,False,,12.0,0.056494079530239105,0.04173870384693146,0.041874419897794724,0.02163662202656269,,25.464609146118164,0.3014159870193746,,,0.014190317195325543,1.2585092744870832,right_ankle_pitch_joint,0,0,0
stand_0005,mujoco,0.0,0.0,0.0,False,,12.0,0.03844431787729263,0.03406327962875366,0.0289151668548584,0.004289239179342985,,21.129980087280273,0.5372874650871199,,,0.0,1.3724189225553736,right_ankle_pitch_joint,0,0,0
stand_0006,mujoco,0.0,0.0,0.0,False,,12.0,0.033996567130088806,0.015262654982507229,0.027246102690696716,0.0008134531090036035,,10.97481918334961,0.14996800801421165,,,0.0,3.164911159520083,left_ankle_pitch_joint,0,0,0
stand_0007,mujoco,0.0,0.0,0.0,False,,12.0,0.026301490142941475,0.02302919514477253,0.044453077018260956,0.006011083722114563,,19.371835708618164,0.17719075076600008,,,0.0,1.5150587514104366,right_ankle_pitch_joint,0,0,0
stand_0008,mujoco,0.0,0.0,0.0,False,,12.0,0.0775701105594635,0.04985440894961357,0.03641298785805702,0.02777283638715744,,32.073036193847656,0.3849865364836748,,,0.010851419031719533,1.2390377429507782,right_ankle_pitch_joint,1,0,0
stand_0009,mujoco,0.0,0.0,0.0,False,,12.0,0.0709923580288887,0.07586508244276047,0.07357706129550934,0.027344737201929092,,48.573020935058594,0.7029228854637756,,,0.00667779632721202,1.3238898354345974,left_ankle_roll_joint,0,0,0
stand_0010,mujoco,0.0,0.0,0.0,False,,12.0,0.05614789202809334,0.06340938061475754,0.04390550032258034,0.02107568085193634,,31.55925178527832,0.473593372908002,,,0.015025041736227046,1.2022318961126792,left_ankle_roll_joint,1,0,0
stand_0011,mujoco,0.0,0.0,0.0,False,,12.0,0.08167955279350281,0.06873419135808945,0.04729781299829483,0.028463423252105713,,34.74647521972656,0.34011167458311364,,,0.011686143572621035,1.3506341659786967,right_ankle_pitch_joint,0,0,0
stand_0012,mujoco,0.0,0.0,0.0,False,,12.0,0.08956367522478104,0.059107765555381775,0.04113084077835083,0.03049437887966633,0.5556067773852915,36.869258880615234,0.3975036814411496,,,0.010851419031719533,1.3149640464599495,right_ankle_pitch_joint,0,0,0
stand_0013,mujoco,0.0,0.0,0.0,False,,12.0,0.023709185421466827,0.030938390642404556,0.02880697511136532,0.007014529313892126,,17.139850616455078,0.30875355156640705,,,0.0,1.6973811665696856,right_ankle_pitch_joint,0,0,0
stand_0014,mujoco,0.0,0.0,0.0,False,,12.0,0.09372303634881973,0.06147722154855728,0.09214795380830765,0.024189764633774757,,32.046661376953125,0.38370415152038395,,,0.022537562604340568,1.416445626208653,right_ankle_pitch_joint,0,0,0
stand_0015,mujoco,0.0,0.0,0.0,False,,12.0,0.050801340490579605,0.04079972580075264,0.023114951327443123,0.008371705189347267,,19.382980346679688,0.2527291565050885,,,0.0,1.5332748435398023,right_ankle_pitch_joint,0,0,0
stand_0016,mujoco,0.0,0.0,0.0,False,,12.0,0.021604318171739578,0.02437327243387699,0.030337747186422348,0.007129935547709465,,13.74255657196045,0.09554230574131468,,,0.0,2.6332393259831197,right_ankle_pitch_joint,0,0,0
stand_0017,mujoco,0.0,0.0,0.0,False,,12.0,0.01893547549843788,0.02740706503391266,0.0285421684384346,0.00466567650437355,,11.669339179992676,0.08006794658708691,,,0.0,1.8978745406109983,right_ankle_pitch_joint,0,0,0
stand_0018,mujoco,0.0,0.0,0.0,False,,12.0,0.041422098875045776,0.030104205012321472,0.03575289249420166,0.006050923839211464,,17.989652633666992,0.030230810682125683,,,0.0,1.7158044049478347,right_ankle_pitch_joint,0,0,0
stand_0019,mujoco,0.0,0.0,0.0,False,,12.0,0.045062653720378876,0.024448050186038017,0.04275764152407646,0.008455189876258373,,24.888656616210938,0.10537061379685145,,,0.0,1.3476133870963043,right_ankle_pitch_joint,0,0,0
stand_0020,mujoco,0.0,0.0,0.0,False,,12.0,0.01960507035255432,0.028739821165800095,0.02712988667190075,0.0032539526000618935,,12.278794288635254,0.09948913043800114,,,0.0,2.26994702614114,right_ankle_pitch_joint,0,0,0
stand_0021,mujoco,0.0,0.0,0.0,False,,12.0,0.06954468786716461,0.05432615429162979,0.035571612417697906,0.021841464564204216,,22.551807403564453,0.37491993037738286,,,0.010851419031719533,1.4228247150011168,right_ankle_pitch_joint,0,0,0
stand_0022,mujoco,0.0,0.0,0.0,False,,12.0,0.11562897264957428,0.09676298499107361,0.07903502136468887,0.058882180601358414,0.7898846437902775,73.05001068115234,0.15421469174368818,,,0.0333889816360601,1.3434429106973098,left_ankle_pitch_joint,0,0,0
stand_0023,mujoco,0.0,0.0,0.0,False,,12.0,0.03402642533183098,0.03184356540441513,0.022560322657227516,0.007256925106048584,,16.352176666259766,0.0955763344209164,,,0.0,1.9520156055609579,right_ankle_pitch_joint,0,0,0
stand_0024,mujoco,0.0,0.0,0.0,False,,12.0,0.026306990534067154,0.03170085325837135,0.03034104034304619,0.0025801470037549734,,13.266999244689941,0.0431232043564261,,,0.0,1.7329814331287878,left_ankle_pitch_joint,0,0,0
stand_0025,mujoco,0.0,0.0,0.0,False,,12.0,0.0336838960647583,0.02696141041815281,0.03907571732997894,0.004919527098536491,,12.798257827758789,0.13003809199699745,,,0.005008347245409015,1.5254589890036223,right_ankle_pitch_joint,0,0,0
stand_0026,mujoco,0.0,0.0,0.0,False,,12.0,0.016322873532772064,0.027459079399704933,0.033747345209121704,0.0036701348144561052,,13.847881317138672,0.14510099863977002,,,0.0,2.089807302574857,right_ankle_pitch_joint,0,0,0
stand_0027,mujoco,0.0,0.0,0.0,False,,12.0,0.031244121491909027,0.027865448966622353,0.041472427546978,0.00923237670212984,,18.251771926879883,0.37432587163068165,,,0.0,1.6880858166958073,right_ankle_pitch_joint,0,0,0
stand_0028,mujoco,0.0,0.0,0.0,False,,12.0,0.0753345638513565,0.06673941761255264,0.0635102167725563,0.024124039337038994,,45.491424560546875,0.5487570394479824,,,0.008347245409015025,1.0104238114721478,right_ankle_roll_joint,1,0,0
stand_0029,mujoco,0.0,0.0,0.0,False,,12.0,0.04756086319684982,0.06573693454265594,0.050254132598638535,0.015807541087269783,,25.6904354095459,0.25111523271490577,,,0.018363939899833055,1.1726447894208603,left_ankle_roll_joint,1,0,0
stand_0030,mujoco,0.0,0.0,0.0,False,,12.0,0.03184393420815468,0.03960840776562691,0.07532742619514465,0.006228189915418625,,24.13899040222168,0.667536225535493,,,0.0,1.370084386377344,left_ankle_pitch_joint,0,0,0
stand_0031,mujoco,0.0,0.0,0.0,False,,12.0,0.024238714948296547,0.030048402026295662,0.033759843558073044,0.0044057657942175865,,17.63442039489746,0.19468026418059822,,,0.0,1.4537937824561182,right_ankle_pitch_joint,0,0,0
stand_0032,mujoco,0.0,0.0,0.0,False,,12.0,0.039996810257434845,0.02438833750784397,0.030780823901295662,0.007516802288591862,,14.444510459899902,0.12771041424891103,,,0.0,2.770438084998507,right_ankle_pitch_joint,0,0,0
stand_0033,mujoco,0.0,0.0,0.0,False,,12.0,0.02124282345175743,0.031172895804047585,0.03819035366177559,0.003807531436905265,,14.656344413757324,0.08166404457839563,,,0.0,1.5635528862073467,right_ankle_pitch_joint,0,0,0
stand_0034,mujoco,0.0,0.0,0.0,False,,12.0,0.06482955813407898,0.05263946205377579,0.04885510727763176,0.022790931165218353,,33.806095123291016,0.5899716906476472,,,0.004173622704507512,1.3924535417679227,right_ankle_pitch_joint,0,0,0
stand_0035,mujoco,0.0,0.0,0.0,False,,12.0,0.06515577435493469,0.04408175125718117,0.04504008591175079,0.021713178604841232,,29.397310256958008,0.43484658329157705,,,0.008347245409015025,1.2251704325934418,right_ankle_pitch_joint,1,0,0
stand_0036,mujoco,0.0,0.0,0.0,False,,12.0,0.04499101638793945,0.03895614296197891,0.02738228626549244,0.008334808051586151,,23.004201889038086,0.581842694816145,,,0.0,1.4121357028020614,right_ankle_pitch_joint,0,0,0
stand_0037,mujoco,0.0,0.0,0.0,False,,12.0,0.02386787347495556,0.028473861515522003,0.04693971574306488,0.0029195367824286222,,13.609871864318848,0.016891820263266438,,,0.0,1.3792307593826054,right_ankle_pitch_joint,0,0,0
stand_0038,mujoco,0.0,0.0,0.0,False,,12.0,0.042551569640636444,0.038700513541698456,0.04211418330669403,0.011709477752447128,,27.2877254486084,0.24894513847739458,,,0.0,1.29912058533375,right_ankle_pitch_joint,0,0,0
stand_0039,mujoco,0.0,0.0,0.0,False,,12.0,0.040383365005254745,0.031869076192379,0.02665896527469158,0.0026014121249318123,,19.26885223388672,0.14276814523046108,,,0.0,1.4402850417631785,right_ankle_pitch_joint,0,0,0
stand_0040,mujoco,0.0,0.0,0.0,False,,12.0,0.019051557406783104,0.024536460638046265,0.02860838547348976,0.003716002684086561,,11.914052963256836,0.13790654633712496,,,0.0,1.8156644555894863,left_ankle_pitch_joint,0,0,0
stand_0041,mujoco,0.0,0.0,0.0,False,,12.0,0.033046185970306396,0.026623709127306938,0.03372877463698387,0.00678013451397419,,20.52106285095215,0.22254984167813466,,,0.0,1.3901099925733602,right_ankle_pitch_joint,0,0,0
stand_0042,mujoco,0.0,0.0,0.0,False,,12.0,0.08049790561199188,0.09817385673522949,0.0917893573641777,0.055814243853092194,0.9164819364595955,68.39085388183594,0.18966111049094994,,,0.03672787979966611,1.233662267792803,left_ankle_pitch_joint,1,0,0
stand_0043,mujoco,0.0,0.0,0.0,False,,12.0,0.07023923844099045,0.0929708406329155,0.07509250938892365,0.04228648543357849,,44.74312973022461,0.46447739123744364,,,0.025041736227045076,1.3832372502735273,right_ankle_pitch_joint,0,0,0
stand_0044,mujoco,0.0,0.0,0.0,False,,12.0,0.0215595755726099,0.026770545169711113,0.026051631197333336,0.007894566282629967,,11.76880168914795,0.15428821425087924,,,0.0,2.694110025799233,right_ankle_pitch_joint,0,0,0
stand_0045,mujoco,0.0,0.0,0.0,False,,12.0,0.1022999957203865,0.054512880742549896,0.05963044986128807,0.024986639618873596,0.6871468293582066,46.03461456298828,0.747427686286195,,,0.01001669449081803,1.2821926036116285,right_ankle_pitch_joint,0,0,0
stand_0046,mujoco,0.0,0.0,0.0,False,,12.0,0.06305917352437973,0.08586137741804123,0.045858126133680344,0.024420958012342453,,34.516746520996094,0.6745524943623837,,,0.014190317195325543,1.0342739222992563,right_ankle_roll_joint,1,0,0
stand_0047,mujoco,0.0,0.0,0.0,False,,12.0,0.07798939198255539,0.050627585500478745,0.0430758036673069,0.023418011143803596,,25.94162368774414,0.4422178489032213,,,0.011686143572621035,1.3283931640534274,right_ankle_pitch_joint,0,0,0
stand_0048,mujoco,0.0,0.0,0.0,False,,12.0,0.02279825136065483,0.03173794224858284,0.05316350609064102,0.00515618035569787,,19.361724853515625,0.4934840516038326,,,0.0,1.7884793097805984,left_ankle_pitch_joint,0,0,0
stand_0049,mujoco,0.0,0.0,0.0,False,,12.0,0.040107108652591705,0.015922578051686287,0.02205837145447731,0.00394856883212924,,12.119954109191895,0.012988933525371433,,,0.0,2.9406774986935944,right_ankle_pitch_joint,0,0,0
yawL05_0000,mujoco,0.0,0.0,0.5,False,,12.0,0.05150824040174484,0.15412868559360504,0.12229073792695999,-0.02665320225059986,,195.23040771484375,0.12649095679216305,0.08675548535856334,0.07877051830291748,0.0,1.142648249817146,left_ankle_roll_joint,1,0,0
yawL05_0001,mujoco,0.0,0.0,0.5,False,,12.0,0.07511918246746063,0.14834417402744293,0.11497911810874939,-0.0337996743619442,3.608586382879705,231.8202667236328,0.17357739611143283,0.08366738361391154,0.07885798811912537,0.0,1.0616192666337152,left_ankle_roll_joint,1,0,0
yawL05_0002,mujoco,0.0,0.0,0.5,False,,12.0,0.05617014691233635,0.14932164549827576,0.10062693059444427,0.0003331763145979494,,194.10406494140625,0.08739703023593132,0.09131553159518675,0.086665078997612,0.0,1.2081851520639784,right_ankle_roll_joint,1,0,0
yawL05_0003,mujoco,0.0,0.0,0.5,False,,12.0,0.05320068821310997,0.14090792834758759,0.11201231181621552,0.005687807220965624,,187.9641571044922,0.08613325492019365,0.08417719531626928,0.07882747054100037,0.0,1.6547095759895083,right_ankle_roll_joint,0,0,0
yawL05_0004,mujoco,0.0,0.0,0.5,False,,12.0,0.07318557798862457,0.1541696935892105,0.11639140546321869,-0.027875667437911034,3.935295538376586,234.97166442871094,0.058023924574095984,0.08955766463821585,0.0855262503027916,0.0,1.4901276428841437,right_ankle_roll_joint,0,0,0
yawL05_0005,mujoco,0.0,0.0,0.5,False,,12.0,0.07595565915107727,0.15774962306022644,0.11102048307657242,0.00800622720271349,,204.1441192626953,0.08560637963757314,0.09528163109313358,0.08697941899299622,0.0,1.1728164322434145,left_ankle_roll_joint,1,0,0
yawL05_0006,mujoco,0.0,0.0,0.5,False,,12.0,0.05674048140645027,0.1456575244665146,0.10674174875020981,-0.026468724012374878,,214.97364807128906,0.03348192463835882,0.08759238164533269,0.08263865858316422,0.0,1.1836821069888286,left_ankle_roll_joint,1,0,0
yawL05_0007,mujoco,0.0,0.0,0.5,False,,12.0,0.07801198214292526,0.15138393640518188,0.11831796169281006,-0.025612741708755493,,203.235107421875,0.2126475279587959,0.08323731205680153,0.07468028366565704,0.0,1.2942221192386913,left_ankle_roll_joint,0,0,0
yawL05_0008,mujoco,0.0,0.0,0.5,False,,12.0,0.06551739573478699,0.12620535492897034,0.1070762574672699,-0.004784008488059044,3.238941917077038,214.89483642578125,0.20912986135993697,0.07103507667779922,0.0701192244887352,0.0333889816360601,1.3550413706726463,right_ankle_roll_joint,0,0,0
yawL05_0009,mujoco,0.0,0.0,0.5,False,,12.0,0.0491696298122406,0.14159618318080902,0.11057040095329285,-0.010108907707035542,,222.73744201660156,0.10259071537639387,0.0814197226649239,0.07737170159816742,0.0,1.4393817792004253,right_ankle_roll_joint,0,0,0
yawL05_0010,mujoco,0.0,0.0,0.5,False,,12.0,0.07106006145477295,0.1417311728000641,0.10442034900188446,-0.01737024635076523,,202.19232177734375,0.3042189692541022,0.07890683552250266,0.07001921534538269,0.012520868113522538,1.5005114391215726,left_ankle_roll_joint,0,0,0
yawL05_0011,mujoco,0.0,0.0,0.5,False,,12.0,0.08185067772865295,0.13761688768863678,0.10510985553264618,-0.0022407935466617346,3.3254258425451293,200.27450561523438,0.3219210025224503,0.07755353184122789,0.07064256072044373,0.0,1.4977992445982433,left_ankle_roll_joint,0,0,0
yawL05_0012,mujoco,0.0,0.0,0.5,False,,12.0,0.07554766535758972,0.15084242820739746,0.12081550806760788,-0.0065866741351783276,,214.89413452148438,0.2060987065576419,0.08661851038535436,0.08368347585201263,0.0,1.0742858079560031,left_ankle_roll_joint,1,0,0
yawL05_0013,mujoco,0.0,0.0,0.5,False,,12.0,0.09275998920202255,0.1512266844511032,0.11919298022985458,0.014395954087376595,3.4792126612754526,176.2711944580078,0.0520635827254507,0.08989699083295735,0.07733559608459473,0.0,1.3492999718878682,left_ankle_roll_joint,0,0,0
yawL05_0014,mujoco,0.0,0.0,0.5,False,,12.0,0.089439757168293,0.14526690542697906,0.10490595549345016,0.03702441230416298,3.1876854183817906,190.3428497314453,0.09300341108492534,0.0867685079574585,0.07516399025917053,0.008347245409015025,1.5176645667435986,right_ankle_roll_joint,0,0,0
yawL05_0015,mujoco,0.0,0.0,0.5,False,,12.0,0.07276473939418793,0.16658079624176025,0.12281022220849991,-0.033386729657649994,3.7267358069173766,238.38702392578125,0.3924773374405903,0.07901449324119658,0.07142578065395355,0.0,1.0333937917688487,left_ankle_roll_joint,1,0,0
yawL05_0016,mujoco,0.0,0.0,0.5,False,,12.0,0.06340031325817108,0.15255939960479736,0.10386752337217331,0.008890273049473763,,172.3225555419922,0.03499692502955977,0.0854636352847923,0.08035510778427124,0.004173622704507512,1.4514306363795588,right_ankle_roll_joint,0,0,0
yawL05_0017,mujoco,0.0,0.0,0.5,False,,12.0,0.06719574332237244,0.15024127066135406,0.10959510505199432,-0.0006128220120444894,,198.62286376953125,0.07186088237789648,0.08615068210796877,0.08115136623382568,0.0,1.1990939463466936,left_ankle_roll_joint,1,0,0
yawL05_0018,mujoco,0.0,0.0,0.5,False,,12.0,0.05548376962542534,0.15208590030670166,0.10499801486730576,-0.011083584278821945,,192.02877807617188,0.06533773623927377,0.09150144423950803,0.08662918210029602,0.0,1.1925918854733768,left_ankle_roll_joint,1,0,0
yawL05_0019,mujoco,0.0,0.0,0.5,False,,12.0,0.05247526243329048,0.14885346591472626,0.10532204806804657,0.003022381104528904,,199.27215576171875,0.03682612097195051,0.09080813046206128,0.07174098491668701,0.0,1.4733850214886448,right_ankle_roll_joint,0,0,0
yawL05_0020,mujoco,0.0,0.0,0.5,False,,12.0,0.05531248450279236,0.1323845386505127,0.11877153068780899,-0.022863874211907387,,196.34658813476562,0.022665741991182098,0.07538116350769997,0.07083138823509216,0.015859766277128547,1.4828422765190337,right_ankle_roll_joint,0,0,0
yawL05_0021,mujoco,0.0,0.0,0.5,False,,12.0,0.05986711382865906,0.13566815853118896,0.11510975658893585,-0.019500957801938057,,207.206298828125,0.1725250345880639,0.07616523511352993,0.07204924523830414,0.0,1.35634718005009,left_ankle_roll_joint,0,0,0
yawL05_0022,mujoco,0.0,0.0,0.5,False,,12.0,0.044280778616666794,0.13545991480350494,0.1204783171415329,-0.007574435323476791,,222.3074188232422,0.20017299549132325,0.07980208708481355,0.07231539487838745,0.0,1.4903781282643336,right_ankle_roll_joint,0,0,0
yawL05_0023,mujoco,0.0,0.0,0.5,False,,12.0,0.06586712598800659,0.15949444472789764,0.11109750717878342,-0.03025764413177967,,235.4530487060547,0.2597707113411656,0.0855869793079116,0.07707803696393967,0.0,1.0798840709780675,left_ankle_roll_joint,1,0,0
yawL05_0024,mujoco,0.0,0.0,0.5,False,,12.0,0.04374917969107628,0.1425544172525406,0.1096547469496727,-0.0016826525097712874,,227.55398559570312,0.12963845865895113,0.08446456932208755,0.0717705488204956,0.0,1.3808767068975796,left_ankle_roll_joint,0,0,0
yawL05_0025,mujoco,0.0,0.0,0.5,False,,12.0,0.06034242734313011,0.1319492757320404,0.12490446865558624,-0.011673007160425186,,225.29417419433594,0.06973310670732868,0.07623601295053958,0.07150912284851074,0.004173622704507512,1.3661837590048458,left_ankle_roll_joint,0,0,0
yawL05_0026,mujoco,0.0,0.0,0.5,False,,12.0,0.051351115107536316,0.15229882299900055,0.1099308431148529,-0.014541690237820148,,201.34083557128906,0.16371083672547462,0.0860058343545957,0.0771380290389061,0.0,1.0156230931206087,left_ankle_roll_joint,1,0,0
yawL05_0027,mujoco,0.0,0.0,0.5,False,,12.0,0.05618066340684891,0.14711715281009674,0.11288388818502426,-0.010266222059726715,,239.23104858398438,0.3339986784101381,0.08261900856381371,0.07540685683488846,0.0,1.31422097515941,left_ankle_roll_joint,0,0,0
yawL05_0028,mujoco,0.0,0.0,0.5,False,,12.0,0.053892266005277634,0.14353646337985992,0.12153724581003189,-0.011229014955461025,,221.8195037841797,0.20912432749314974,0.0793550932271914,0.07540194690227509,0.004173622704507512,1.2453604727679932,left_ankle_roll_joint,1,0,0
yawL05_0029,mujoco,0.0,0.0,0.5,False,,12.0,0.048361435532569885,0.14564649760723114,0.11131493002176285,0.011145594529807568,,190.52418518066406,0.20957270660123087,0.08495737646113742,0.07869145274162292,0.0,1.3740206744657455,right_ankle_roll_joint,0,0,0
yawL05_0030,mujoco,0.0,0.0,0.5,False,,12.0,0.04817231744527817,0.16574515402317047,0.12401477992534637,-0.022876393049955368,,208.43008422851562,0.14723196963517085,0.09170210869474844,0.08084890991449356,0.0,1.0811060485587123,left_ankle_roll_joint,1,0,0
yawL05_0031,mujoco,0.0,0.0,0.5,False,,12.0,0.1034749299287796,0.1405380219221115,0.11835036426782608,0.035806722939014435,3.3112901247980657,183.48489379882812,0.20115069341298827,0.09095783596453459,0.0736103430390358,0.0,1.4374991603200573,right_ankle_roll_joint,0,0,0
yawL05_0032,mujoco,0.0,0.0,0.5,False,,12.0,0.06274691969156265,0.15114876627922058,0.09890168905258179,0.010662899352610111,,209.24427795410156,0.11326903095750569,0.08755913410674442,0.07920432835817337,0.0,1.2505293146077474,left_ankle_roll_joint,0,0,0
yawL05_0033,mujoco,0.0,0.0,0.5,False,,12.0,0.049067843705415726,0.14659453928470612,0.1010998860001564,0.00867126788944006,,186.43914794921875,0.08779543878343063,0.08996607600287958,0.07444187998771667,0.0,1.3591792716312252,left_ankle_roll_joint,0,0,0
yawL05_0034,mujoco,0.0,0.0,0.5,False,,12.0,0.05431676283478737,0.1288483738899231,0.11596719920635223,-0.012363063171505928,,202.8139190673828,0.19971649566219682,0.07493197752369775,0.07050022482872009,0.012520868113522538,1.557955456846796,right_ankle_roll_joint,0,0,0
yawL05_0035,mujoco,0.0,0.0,0.5,False,,12.0,0.08610165119171143,0.1426703780889511,0.11519742757081985,-0.006950243376195431,3.154090128842744,218.20567321777344,0.12250244389846619,0.08468799718788692,0.08012635260820389,0.0,1.3114470881231068,right_ankle_pitch_joint,0,0,0
yawL05_0036,mujoco,0.0,0.0,0.5,False,,12.0,0.07137234508991241,0.15234282612800598,0.10112142562866211,0.004467871505767107,,190.6396026611328,0.017889816540719864,0.09246708517489226,0.0719035342335701,0.0,1.3604149373501997,right_ankle_pitch_joint,0,0,0
yawL05_0037,mujoco,0.0,0.0,0.5,False,,12.0,0.06964360177516937,0.13935497403144836,0.10920215398073196,-0.025042040273547173,,210.47459411621094,0.3704623820366281,0.07556921514597806,0.07101459056138992,0.004173622704507512,1.3545360816574272,left_ankle_roll_joint,0,0,0
yawL05_0038,mujoco,0.0,0.0,0.5,False,,12.0,0.0509672686457634,0.13462170958518982,0.11637908220291138,-0.008539455942809582,,230.0682830810547,0.3395559676383595,0.0791238679417542,0.0705081894993782,0.008347245409015025,1.5962260451516301,left_ankle_roll_joint,0,0,0
yawL05_0039,mujoco,0.0,0.0,0.5,False,,12.0,0.056373946368694305,0.1478886604309082,0.10805730521678925,-0.010650098323822021,,185.80010986328125,0.13263145517453792,0.08191616460680962,0.07658994197845459,0.0,1.318387632605598,left_ankle_roll_joint,0,0,0
yawL05_0040,mujoco,0.0,0.0,0.5,False,,12.0,0.08126310259103775,0.1510722041130066,0.1112726479768753,0.0028402649331837893,3.642189978633036,213.29620361328125,0.2103778832085,0.08979600206727073,0.08422525972127914,0.0,1.1732525417323896,left_ankle_roll_joint,1,0,0
yawL05_0041,mujoco,0.0,0.0,0.5,False,,12.0,0.06774360686540604,0.14512091875076294,0.12206577509641647,-0.025990208610892296,,248.65872192382812,0.32284048932671,0.08481246707114307,0.0778718888759613,0.0,1.1608975599041353,left_ankle_roll_joint,1,0,0
yawL05_0042,mujoco,0.0,0.0,0.5,False,,12.0,0.08829376846551895,0.14674626290798187,0.1172412559390068,0.017701083794236183,3.575498445039482,194.76495361328125,0.12863298581416172,0.09345239724801935,0.07256301492452621,0.0,1.4039657920444224,right_ankle_pitch_joint,0,0,0
yawL05_0043,mujoco,0.0,0.0,0.5,False,,12.0,0.06743653863668442,0.14247693121433258,0.1112879067659378,-0.016108276322484016,3.411434418596626,244.81182861328125,0.43609499248934985,0.07093599852588442,0.07013781368732452,0.01335559265442404,1.0767859985178365,left_ankle_roll_joint,1,0,0
yawL05_0044,mujoco,0.0,0.0,0.5,False,,12.0,0.04918631538748741,0.1373816728591919,0.10991416126489639,-0.012054736725986004,,215.4724578857422,0.40946981756793543,0.08116313205523924,0.0775073990225792,0.004173622704507512,1.503450588403752,left_ankle_roll_joint,0,0,0
yawL05_0045,mujoco,0.0,0.0,0.5,False,,12.0,0.04503000155091286,0.14378102123737335,0.11170625686645508,0.004881847649812698,,188.59097290039062,0.11305511504485576,0.0801292760741143,0.07611393928527832,0.0,1.5584619415061534,right_ankle_roll_joint,0,0,0
yawL05_0046,mujoco,0.0,0.0,0.5,False,,12.0,0.07611694931983948,0.14454549551010132,0.11400153487920761,-0.03135036304593086,,200.0500030517578,0.17665315372828333,0.079481302337213,0.0745679959654808,0.0,1.3023565915581614,left_ankle_roll_joint,0,0,0
yawL05_0047,mujoco,0.0,0.0,0.5,False,,12.0,0.07960400730371475,0.14302928745746613,0.09994151443243027,0.0315357968211174,3.3106939449949917,168.8054962158203,0.027370924109248795,0.08503782241181894,0.07657067477703094,0.0,1.5191366925930612,right_ankle_roll_joint,0,0,0
yawL05_0048,mujoco,0.0,0.0,0.5,False,,12.0,0.06036626175045967,0.15182921290397644,0.1116727888584137,-0.014453159645199776,,195.60984802246094,0.22111520576505028,0.08347493308511647,0.07568451762199402,0.0,1.2283948216455478,left_ankle_roll_joint,1,0,0
yawL05_0049,mujoco,0.0,0.0,0.5,False,,12.0,0.04978359863162041,0.14638875424861908,0.11482439935207367,-0.0018366454169154167,,195.9051055908203,0.029323935307320383,0.09254851451386577,0.07599832862615585,0.0,1.5545556867658217,left_ankle_roll_joint,0,0,0
yawR05_0000,mujoco,0.0,0.0,-0.5,False,,12.0,0.06409439444541931,0.1403813660144806,0.12219449132680893,-0.02656083181500435,,181.99111938476562,0.013335849068503504,0.08458317308263345,0.07624107599258423,0.0,1.594569761970876,right_ankle_roll_joint,0,0,0
yawR05_0001,mujoco,0.0,0.0,-0.5,False,,12.0,0.0446554571390152,0.12374386191368103,0.11584629863500595,-0.0018756675999611616,,190.9364776611328,0.12283713565206766,0.07225958816707134,0.07003770023584366,0.04340567612687813,1.6657927470852725,right_ankle_roll_joint,0,0,0
yawR05_0002,mujoco,0.0,0.0,-0.5,False,,12.0,0.037206534296274185,0.14632219076156616,0.13370433449745178,-0.012000301852822304,,163.67080688476562,0.008672967452316747,0.08214119183165687,0.0755956843495369,0.0,1.8446589559001894,left_hip_roll_joint,0,0,0
yawR05_0003,mujoco,0.0,0.0,-0.5,False,,12.0,0.04763684794306755,0.15432831645011902,0.138389453291893,-0.019597778096795082,,193.676025390625,0.03430246339195969,0.08678588609803807,0.07783153653144836,0.0,1.6183088640269454,left_ankle_roll_joint,0,0,0
yawR05_0004,mujoco,0.0,0.0,-0.5,False,,12.0,0.05932487174868584,0.1396843045949936,0.18121418356895447,0.006386378780007362,,169.2590789794922,0.07213453118733441,0.090807244181633,0.0793316662311554,0.004173622704507512,1.2958454223453717,left_ankle_pitch_joint,0,0,0
yawR05_0005,mujoco,0.0,0.0,-0.5,False,,12.0,0.05732884258031845,0.14060844480991364,0.1351575255393982,-0.01726543717086315,,177.98529052734375,0.04626415961536676,0.08507034758275206,0.0768604576587677,0.004173622704507512,1.5724991408868356,left_hip_roll_joint,0,0,0
yawR05_0006,mujoco,0.0,0.0,-0.5,False,,12.0,0.0519491545855999,0.13034501671791077,0.12242181599140167,-0.009722180664539337,,214.71461486816406,0.08669466626387169,0.07703372091054916,0.07416226714849472,0.012520868113522538,1.4280816544735053,right_ankle_roll_joint,0,0,0
yawR05_0007,mujoco,0.0,0.0,-0.5,False,,12.0,0.06555215269327164,0.1544877141714096,0.14777719974517822,-0.013139049522578716,,182.68153381347656,0.08093073818188776,0.09121858633377335,0.08002608269453049,0.0,1.3740372390173656,right_ankle_pitch_joint,0,0,0
yawR05_0008,mujoco,0.0,0.0,-0.5,False,,12.0,0.06032903864979744,0.14632971584796906,0.13063783943653107,-0.027636295184493065,,162.3817901611328,0.01783779656540513,0.08372445472262123,0.07902660965919495,0.0,1.6871328318479273,right_ankle_roll_joint,0,0,0
yawR05_0009,mujoco,0.0,0.0,-0.5,False,,12.0,0.09249679744243622,0.12946121394634247,0.12024988979101181,0.03996935114264488,,184.45095825195312,0.24649862902078432,0.0728263823936383,0.07039260119199753,0.04340567612687813,1.467242357996113,right_ankle_roll_joint,0,0,0
yawR05_0010,mujoco,0.0,0.0,-0.5,False,,12.0,0.04496799409389496,0.14165988564491272,0.13756373524665833,-0.02027278020977974,,164.54908752441406,0.07886200531728968,0.08940435675057498,0.0826050415635109,0.0,1.7074742708709556,left_hip_roll_joint,0,0,0
yawR05_0011,mujoco,0.0,0.0,-0.5,False,,12.0,0.07413920760154724,0.1459835320711136,0.14721058309078217,-0.032588548958301544,,164.05747985839844,0.059098769772569774,0.09154388613321564,0.08541347086429596,0.005843071786310518,1.3882055869294394,right_ankle_roll_joint,0,0,0
yawR05_0012,mujoco,0.0,0.0,-0.5,False,,12.0,0.04338023066520691,0.1490381360054016,0.13137297332286835,-0.02363250032067299,,182.2740936279297,0.0547760361320549,0.0848843672058799,0.0770578682422638,0.0,1.4700045477817087,right_ankle_roll_joint,0,0,0
yawR05_0013,mujoco,0.0,0.0,-0.5,False,,12.0,0.05577371269464493,0.14820533990859985,0.12823772430419922,-0.01586879789829254,,212.8694610595703,0.10404046912641039,0.08703627877614716,0.07846414297819138,0.008347245409015025,1.3142220732697456,right_ankle_roll_joint,0,0,0
yawR05_0014,mujoco,0.0,0.0,-0.5,False,,12.0,0.04301097244024277,0.14325471222400665,0.12045998871326447,-0.02063784934580326,,201.29742431640625,0.041928027855761114,0.07851762808859349,0.0716368705034256,0.004173622704507512,1.4381476738715897,right_ankle_roll_joint,0,0,0
yawR05_0015,mujoco,0.0,0.0,-0.5,False,,12.0,0.05152994394302368,0.14587529003620148,0.1628238707780838,-0.011309384368360043,,169.02255249023438,0.08723265201635623,0.09209274568340996,0.0824427530169487,0.0,1.6722112403362446,left_ankle_pitch_joint,0,0,0
yawR05_0016,mujoco,0.0,0.0,-0.5,False,,12.0,0.0683213621377945,0.14495502412319183,0.13340577483177185,-0.03505102917551994,,162.99862670898438,0.20674190744138363,0.09084111113439906,0.07738810032606125,0.008347245409015025,1.6926854813141714,right_ankle_roll_joint,0,0,0
yawR05_0017,mujoco,0.0,0.0,-0.5,False,,12.0,0.06543118506669998,0.136688694357872,0.12511985003948212,-0.00943807978183031,,172.36888122558594,0.07320950888738491,0.08232750235633417,0.07302052527666092,0.0,1.519399815125315,right_ankle_roll_joint,0,0,0
yawR05_0018,mujoco,0.0,0.0,-0.5,False,,12.0,0.04060612618923187,0.13459773361682892,0.12036342918872833,-0.013062317855656147,,147.003662109375,0.1808139964462062,0.08375464515252547,0.07052849233150482,0.010851419031719533,1.650015247962716,left_ankle_pitch_joint,0,0,0
yawR05_0019,mujoco,0.0,0.0,-0.5,False,,12.0,0.07815878093242645,0.13364765048027039,0.12872539460659027,0.02602875791490078,,161.16433715820312,0.012755760443023532,0.08121854371645233,0.07516913115978241,0.008347245409015025,1.4942661958070287,right_ankle_pitch_joint,0,0,0
yawR05_0020,mujoco,0.0,0.0,-0.5,False,,12.0,0.050060294568538666,0.12617993354797363,0.12214520573616028,0.018101220950484276,,169.74908447265625,0.18147689857170982,0.07731951897343,0.07058838754892349,0.035058430717863104,1.4278414299910935,left_ankle_pitch_joint,0,0,0
yawR05_0021,mujoco,0.0,0.0,-0.5,False,,12.0,0.050231460481882095,0.13127756118774414,0.12510721385478973,0.01908864639699459,,158.22630310058594,0.07909013925826758,0.07946890521617163,0.07004911452531815,0.02587646076794658,1.5021525711569026,left_ankle_pitch_joint,0,0,0
yawR05_0022,mujoco,0.0,0.0,-0.5,False,,12.0,0.08062547445297241,0.1401432454586029,0.140351340174675,0.009380538016557693,,198.8226318359375,0.20830982047689434,0.08811814033172348,0.08200923353433609,0.00667779632721202,1.3325890071472088,right_ankle_pitch_joint,0,0,0
yawR05_0023,mujoco,0.0,0.0,-0.5,False,,12.0,0.058629076927900314,0.14067576825618744,0.1309782713651657,-0.029686039313673973,,181.99403381347656,0.0206259303475278,0.08631394871256569,0.07858139276504517,0.0,1.6129687749724768,left_hip_roll_joint,0,0,0
yawR05_0024,mujoco,0.0,0.0,-0.5,False,,12.0,0.055556852370500565,0.13936176896095276,0.15921206772327423,0.024553876370191574,,170.50448608398438,0.02283838137810086,0.08464054966514761,0.07098350673913956,0.008347245409015025,1.3926579594849358,right_ankle_pitch_joint,0,0,0
yawR05_0025,mujoco,0.0,0.0,-0.5,False,,12.0,0.07785744965076447,0.15298213064670563,0.13790370523929596,-0.029759829863905907,3.0064220003983197,197.96539306640625,0.1651064292867056,0.09276544946161183,0.08802379667758942,0.005843071786310518,1.393200857676523,right_ankle_pitch_joint,0,0,0
yawR05_0026,mujoco,0.0,0.0,-0.5,False,,12.0,0.06147828325629234,0.15048566460609436,0.12201880663633347,-0.024991856887936592,,208.66448974609375,0.1820116592960525,0.0853561173108491,0.07793737202882767,0.0,1.5082613215323974,left_hip_roll_joint,0,0,0
yawR05_0027,mujoco,0.0,0.0,-0.5,False,,12.0,0.08868169784545898,0.13442738354206085,0.1535617709159851,0.032321203500032425,3.0448145593781484,185.5895538330078,0.08551290497720461,0.08572772641976674,0.07088305056095123,0.008347245409015025,1.391630067966613,right_ankle_pitch_joint,0,0,0
yawR05_0028,mujoco,0.0,0.0,-0.5,False,,12.0,0.0877986028790474,0.13580504059791565,0.11374717950820923,0.00951580610126257,,177.6649932861328,0.13728908630941078,0.08211020786653865,0.07402302324771881,0.004173622704507512,1.3822718023895773,left_ankle_roll_joint,0,0,0
yawR05_0029,mujoco,0.0,0.0,-0.5,False,,12.0,0.07242969423532486,0.15437881648540497,0.14148250222206116,-0.0427534244954586,3.550858929585054,193.62799072265625,0.013724170472402453,0.0900186916643923,0.08209068328142166,0.0,1.687525719423679,left_hip_roll_joint,0,0,0
yawR05_0030,mujoco,0.0,0.0,-0.5,False,,12.0,0.04911185801029205,0.14682132005691528,0.15832138061523438,-0.011341423727571964,,190.35220336914062,0.09598624488148619,0.09298500113866547,0.0850670263171196,0.004173622704507512,1.6107066672585733,left_hip_roll_joint,0,0,0
yawR05_0031,mujoco,0.0,0.0,-0.5,False,,12.0,0.07384278625249863,0.12901753187179565,0.1400987207889557,-0.006679576355963945,,203.41339111328125,0.07800859967729754,0.07681970230557701,0.07446087896823883,0.008347245409015025,1.4982572323357772,right_ankle_pitch_joint,0,0,0
yawR05_0032,mujoco,0.0,0.0,-0.5,False,,12.0,0.045858677476644516,0.1360325664281845,0.12177068740129471,-0.005924865137785673,,216.23622131347656,0.16792831520558893,0.07247292126218478,0.07022794336080551,0.01669449081803005,1.5504201183665263,right_ankle_roll_joint,0,0,0
yawR05_0033,mujoco,0.0,0.0,-0.5,False,,12.0,0.08874868601560593,0.12532491981983185,0.11242489516735077,0.02748795412480831,,175.43821716308594,0.05256862477599147,0.07442270219326019,0.07040596008300781,0.038397328881469114,1.5430573778549275,right_ankle_pitch_joint,0,0,0
yawR05_0034,mujoco,0.0,0.0,-0.5,False,,12.0,0.044134143739938736,0.15755893290042877,0.12189931422472,-0.0128562543541193,,219.7785186767578,0.09288198567128647,0.08034713145183481,0.07330237329006195,0.0,1.5945985375263378,right_ankle_roll_joint,0,0,0
yawR05_0035,mujoco,0.0,0.0,-0.5,False,,12.0,0.043588366359472275,0.1262395977973938,0.11489268392324448,-0.01925051212310791,,175.64662170410156,0.15243022865402925,0.07885132730007172,0.07204196602106094,0.018363939899833055,1.5060540853262507,right_ankle_roll_joint,0,0,0
yawR05_0036,mujoco,0.0,0.0,-0.5,False,,12.0,0.0632510557770729,0.1405351608991623,0.13345050811767578,-0.03437133878469467,,189.32081604003906,0.03450318199509973,0.08016557822173292,0.07253404706716537,0.0,1.5402940208411084,right_ankle_roll_joint,0,0,0
yawR05_0037,mujoco,0.0,0.0,-0.5,False,,12.0,0.04641710966825485,0.14066870510578156,0.1327979862689972,-0.023374009877443314,,213.16519165039062,0.03177526262127221,0.07511782167213303,0.07000833004713058,0.005008347245409015,1.5712963176638668,right_ankle_roll_joint,0,0,0
yawR05_0038,mujoco,0.0,0.0,-0.5,False,,12.0,0.04124318063259125,0.13872604072093964,0.1321326643228531,-0.013247721828520298,,184.31378173828125,0.1220276138345238,0.08779261125759645,0.07605307549238205,0.005843071786310518,1.6596884870998052,left_hip_roll_joint,0,0,0
yawR05_0039,mujoco,0.0,0.0,-0.5,False,,12.0,0.054585158824920654,0.11463722586631775,0.13190722465515137,0.012555697932839394,,182.6065673828125,0.22756437772355378,0.0770240917801857,0.07007027417421341,0.035058430717863104,1.586081251238918,left_hip_roll_joint,0,0,0
yawR05_0040,mujoco,0.0,0.0,-0.5,False,,12.0,0.03319989889860153,0.13706541061401367,0.1261134147644043,-0.009631704539060593,,171.79861450195312,0.003237238249034268,0.0839647464454174,0.07625891268253326,0.004173622704507512,1.68676658217895,left_hip_roll_joint,0,0,0
yawR05_0041,mujoco,0.0,0.0,-0.5,False,,12.0,0.03982140123844147,0.14590853452682495,0.1256607472896576,-0.0024401252157986164,,152.44288635253906,0.01760606800508009,0.08499083384161904,0.08095613121986389,0.009181969949916527,1.8310164984718624,left_hip_roll_joint,0,0,0
yawR05_0042,mujoco,0.0,0.0,-0.5,False,,12.0,0.05160561576485634,0.13658154010772705,0.11709797382354736,-0.014518951997160912,,198.62850952148438,0.07985466442865101,0.07931941849264232,0.0724942535161972,0.017529215358931552,1.470814754080578,right_ankle_roll_joint,0,0,0
yawR05_0043,mujoco,0.0,0.0,-0.5,False,,12.0,0.05017339438199997,0.1337485909461975,0.12291554361581802,0.0005531241768039763,,201.6375732421875,0.1951515648790923,0.0784359181469137,0.07263248413801193,0.012520868113522538,1.5387665489794908,left_hip_roll_joint,0,0,0
yawR05_0044,mujoco,0.0,0.0,-0.5,False,,12.0,0.042158182710409164,0.15623196959495544,0.12778322398662567,-0.014674845151603222,,210.70474243164062,0.15450754268814484,0.08341306549581615,0.0728115662932396,0.0,1.4252497438315692,right_ankle_roll_joint,0,0,0
yawR05_0045,mujoco,0.0,0.0,-0.5,False,,12.0,0.05203951895236969,0.13162600994110107,0.11613734066486359,-0.017971282824873924,,181.4670867919922,0.008832752755062945,0.07742894291877747,0.07298018783330917,0.008347245409015025,1.5598291318765602,right_ankle_roll_joint,0,0,0
yawR05_0046,mujoco,0.0,0.0,-0.5,False,,12.0,0.08365572243928909,0.1337212771177292,0.12552522122859955,0.02054053731262684,,166.48272705078125,0.040126117560679825,0.08263857527212663,0.07459358870983124,0.004173622704507512,1.265664556694645,left_ankle_roll_joint,0,0,0
yawR05_0047,mujoco,0.0,0.0,-0.5,False,,12.0,0.060794103890657425,0.14928872883319855,0.1278037428855896,-0.0013103276723995805,,232.1487274169922,0.1417986718185141,0.08484256267547607,0.07228418439626694,0.0,1.3325074969558508,right_ankle_pitch_joint,0,0,0
yawR05_0048,mujoco,0.0,0.0,-0.5,False,,12.0,0.054626937955617905,0.1346813142299652,0.12637227773666382,-0.004893190693110228,,165.73101806640625,0.023005662019014307,0.08208536559885199,0.07624232769012451,0.010851419031719533,1.6106777197590103,left_ankle_pitch_joint,0,0,0
yawR05_0049,mujoco,0.0,0.0,-0.5,False,,12.0,0.06381990760564804,0.14468824863433838,0.14725814759731293,-0.005985005758702755,,182.59202575683594,0.09989628281487449,0.09077798507430336,0.0843149870634079,0.0,1.4482807200409937,right_ankle_pitch_joint,0,0,0
